8 0.3125065274151436 0.8809963099630996 0.19092689295039164 0.14944649446494465
2 0.5001697127937337 0.8823837638376385 0.19419060052219322 0.14852398523985239
15 0.6878328981723237 0.8823837638376385 0.19092689295039164 0.1448339483394834
40 0.8730548302872062 0.8810036900369004 0.19255874673629242 0.14575645756457564
170 0.09383812010443864 0.9607970479704798 0.07996083550913838 0.061808118081180814
145 0.239556135770235 0.6254612546125461 0.16318537859007834 0.07453874538745388
145 0.7604438642297651 0.6269372693726937 0.15796344647519583 0.07306273062730627
139 0.49869451697127937 0.7597785977859779 0.21148825065274152 0.033210332103321034
140 0.4980417754569191 0.6896678966789668 0.20757180156657964 0.1099630996309963
80 0.256201044386423 0.6005535055350554 0.05613577023498695 0.04059040590405904
80 0.31951697127937334 0.6005535055350554 0.057441253263707574 0.04428044280442804
80 0.2539164490861619 0.5736162361623616 0.05613577023498695 0.03468634686346864
80 0.27382506527415146 0.5540590405904059 0.0587467362924282 0.03690036900369004
39 0.2627284595300261 0.453690036900369 0.07963446475195822 0.04944649446494465
71 0.21214099216710183 0.35424354243542433 0.04308093994778068 0.047232472324723246
101 0.2868798955613577 0.23948339483394834 0.06005221932114883 0.04944649446494465
174 0.7059399477806788 0.3234317343173432 0.04960835509138381 0.04059040590405904
174 0.758485639686684 0.34797047970479705 0.04960835509138381 0.03911439114391144
174 0.756201044386423 0.31162361623616236 0.05026109660574413 0.03394833948339483
180 0.673798955613577 0.5407749077490774 0.06886422976501305 0.05608856088560885
64 0.6220626631853786 0.6246273062730627 0.031331592689295036 0.0514760147601476
64 0.5985639686684073 0.6413284132841328 0.0391644908616188 0.045018450184501846
180 0.3247389033942559 0.553040590405904 0.05613577023498695 0.055904059040590405
180 0.39327676240208875 0.5525830258302583 0.06005221932114883 0.05793357933579336
180 0.35509138381201044 0.5374538745387454 0.044386422976501305 0.05904059040590406
180 0.7878590078328982 0.5892988929889299 0.06919060052219321 0.05682656826568266
52 0.24281984334203655 0.1970479704797048 0.1671018276762402 0.11808118081180811
52 0.762402088772846 0.196309963099631 0.1671018276762402 0.11808118081180811
105 0.5026109660574413 0.12066420664206642 0.18276762402088773 0.12177121771217712
185 0.24151436031331594 0.12546125461254612 0.14882506527415143 0.025092250922509225
185 0.7604438642297651 0.12472324723247233 0.15274151436031333 0.026568265682656828
158 0.2349869451697128 0.1765092250922509 0.069621409921671 0.04059040590405902
158 0.7604438642297651 0.17835424354243543 0.06745430809399487 0.03935793357933578
44 0.6168407310704961 0.9760147601476015 0.7049608355091384 0.03874538745387454