52 0.7620757180156658 0.19695940959409594 0.17297650130548303 0.11715867158671586
52 0.23907310704960835 0.19603690036900367 0.1843994778067885 0.12084870848708487
180 0.4108093994778068 0.07241328413284133 0.057219321148825115 0.05532841328413285
96 0.7212924281984334 0.2822878228782288 0.06527415143603134 0.046125461254612546
101 0.3222976501305483 0.1863468634686347 0.04406005221932115 0.05166051660516605
144 0.2423368146214099 0.6102435424354243 0.14197127937336815 0.09686346863468635
105 0.5009791122715405 0.12039114391143911 0.195822454308094 0.12453874538745388
140 0.5042428198433421 0.690959409594096 0.19908616187989556 0.11992619926199262
39 0.6233812010443864 0.12546125461254612 0.06527415143603134 0.06088560885608856
44 0.2986292428198433 0.966789667896679 0.06527415143603134 0.02952029520295203
170 0.09383812010443864 0.9589520295202952 0.07996083550913838 0.06365313653136531
8 0.31261096605744126 0.8815940959409594 0.19022193211488247 0.14641328413284124
2 0.4995822454308094 0.8816531365313653 0.1911618798955613 0.14443542435424356
15 0.6871279373368147 0.8839630996309963 0.19092689295039164 0.14535793357933582
40 0.8780548302872063 0.8829077490774907 0.19419060052219322 0.1493136531365315
144 0.7661618798955614 0.6139335793357934 0.14197127937336815 0.08948339483394833
185 0.23907310704960835 0.12546125461254612 0.15176240208877284 0.027675276752767528
185 0.761266318537859 0.12453874538745388 0.15176240208877284 0.027675276752767528
146 0.23907310704960835 0.6277712177121771 0.15176240208877284 0.026752767527675275
146 0.7620757180156658 0.6291512915129152 0.15013054830287206 0.023985239852398525
158 0.23172323759791122 0.17773431734317344 0.07180156657963446 0.0381328413284133
158 0.7528328981723237 0.17588929889298893 0.06962140992167093 0.03935793357933578