15 0.3125065274151436 0.8814612546125462 0.18766318537859009 0.14852398523985239
169 0.5001697127937337 0.8814612546125462 0.19092689295039164 0.14852398523985239
160 0.6899477806788512 0.8819188191881919 0.18929503916449086 0.14760147601476015
150 0.8746736292428199 0.8819188191881919 0.18276762402088773 0.14760147601476015
41 0.09464751958224543 0.9612546125461254 0.08485639686684072 0.05719557195571956
44 0.6168407310704961 0.976479704797048 0.7114882506527415 0.03966789667896679
144 0.2410313315926893 0.6130996309963099 0.14849869451697129 0.08487084870848709
144 0.7622454308093994 0.6112546125461255 0.1491514360313316 0.08597785977859779
140 0.505065274151436 0.6872693726937269 0.19092689295039164 0.11254612546125461
52 0.2327023498694517 0.1992619926199262 0.13838120104438642 0.09225092250922509
52 0.755065274151436 0.19972693726937268 0.14131853785900783 0.09132841328413284
185 0.23988250652741513 0.14428044280442803 0.1468668407310705 0.025092250922509225
185 0.7637075718015666 0.14391143911439114 0.1468668407310705 0.023985239852398525
27 0.21638381201044388 0.18874538745387454 0.1077023498694517 0.06088560885608856
27 0.7390731070496084 0.1881918819188192 0.1054177545691906 0.06420664206642067
105 0.5034334203655353 0.12177121771217712 0.19745430809399478 0.12361623616236163
146 0.239556135770235 0.6284132841328414 0.1475195822454308 0.022878228782287822
146 0.7617493472584856 0.6284132841328414 0.1475195822454308 0.021402214022140223
68 0.3348563968668407 0.36937269372693726 0.09007832898172324 0.05682656826568266
174 0.8453002610966057 0.5955719557195572 0.04046997389033943 0.03690036900369004
163 0.7656657963446475 0.46715867158671587 0.13446475195822455 0.07527675276752767
174 0.8302872062663186 0.6435424354243543 0.04177545691906005 0.035424354243542434
135 0.7173629242819843 0.570479704797048 0.06919060052219321 0.03690036900369004
162 0.1919060052219321 0.07785977859778598 0.06266318537859007 0.061254612546125464