44 0.6181462140992167 0.9767527675276753 0.706266318537859 0.04059040590405904
15 0.31201044386422977 0.8822878228782288 0.1906005221932115 0.14686346863468636
150 0.49673629242819844 0.8800738007380073 0.18407310704960836 0.14391143911439114
128 0.6873368146214099 0.8819188191881919 0.1866840731070496 0.14464944649446496
51 0.8740208877284595 0.8837638376383764 0.18929503916449086 0.14833948339483394
161 0.09530026109660575 0.9612546125461254 0.0835509138381201 0.05977859778597786
144 0.24151436031331594 0.6132841328413284 0.14882506527415143 0.08708487084870849
145 0.7617493472584856 0.6265682656826568 0.15013054830287206 0.07527675276752767
146 0.2402088772845953 0.6291512915129152 0.14882506527415143 0.024354243542435424
140 0.5058746736292428 0.6892988929889299 0.18929503916449086 0.11070110701107011
52 0.24086161879895562 0.20184501845018452 0.12924281984334204 0.08487084870848709
52 0.7637075718015666 0.2025830258302583 0.12532637075718014 0.08634686346863468
185 0.762402088772846 0.14797047970479704 0.1462140992167102 0.02730627306273063
185 0.24086161879895562 0.14760147601476015 0.1475195822454308 0.026568265682656828
105 0.4960835509138381 0.11992619926199262 0.1906005221932115 0.12472324723247233
97 0.7741514360313316 0.35313653136531364 0.10704960835509138 0.06715867158671587
139 0.49869451697127937 0.7612546125461255 0.20887728459530025 0.03173431734317343
32 0.6990861618798956 0.3284132841328413 0.08746736292428199 0.1018450184501845
142 0.22519582245430808 0.2767527675276753 0.06135770234986945 0.042804428044280446
142 0.28133159268929503 0.27490774907749077 0.0587467362924282 0.045018450184501846
73 0.6031331592689295 0.466789667896679 0.1279373368146214 0.08634686346863468
5 0.6011749347258486 0.5243542435424354 0.13185378590078328 0.06420664206642067