2 0.3125065274151436 0.8814612546125462 0.18766318537859009 0.14852398523985239
40 0.5001697127937337 0.8814612546125462 0.19092689295039164 0.14852398523985239
150 0.6899477806788512 0.8819188191881919 0.18929503916449086 0.14760147601476015
137 0.8746736292428199 0.8819188191881919 0.18276762402088773 0.14760147601476015
170 0.09464751958224543 0.9612546125461254 0.08485639686684072 0.05719557195571956
44 0.6168407310704961 0.976479704797048 0.7114882506527415 0.03966789667896679
144 0.2410313315926893 0.6130996309963099 0.14849869451697129 0.08487084870848709
144 0.7622454308093994 0.6112546125461255 0.1491514360313316 0.08597785977859779
140 0.505065274151436 0.6872693726937269 0.19092689295039164 0.11254612546125461
52 0.2327023498694517 0.1992619926199262 0.13838120104438642 0.09225092250922509
52 0.755065274151436 0.19972693726937268 0.14131853785900783 0.09132841328413284
185 0.23988250652741513 0.14428044280442803 0.1468668407310705 0.025092250922509225
185 0.7637075718015666 0.14391143911439114 0.1468668407310705 0.023985239852398525
27 0.21638381201044388 0.18874538745387454 0.1077023498694517 0.06088560885608856
27 0.7390731070496084 0.1881918819188192 0.1054177545691906 0.06420664206642067
105 0.5034334203655353 0.12177121771217712 0.19745430809399478 0.12361623616236163
146 0.239556135770235 0.6284132841328414 0.1475195822454308 0.022878228782287822
146 0.7617493472584856 0.6284132841328414 0.1475195822454308 0.021402214022140223
142 0.2800261096605744 0.24686346863468633 0.0639686684073107 0.04649446494464945
37 0.8289817232375979 0.4612546125461255 0.08616187989556136 0.08118081180811808
147 0.7643603133159269 0.24391143911439114 0.12140992167101827 0.08634686346863468
94 0.20169712793733682 0.6261992619926199 0.3563968668407311 0.17638376383763837
135 0.141644908616188 0.6269372693726937 0.05352480417754569 0.06420664206642067
174 0.09986945169712794 0.6538745387453875 0.050913838120104436 0.03690036900369004
174 0.08289817232375979 0.6321033210332103 0.024804177545691905 0.03468634686346864
174 0.2924281984334204 0.577490774907749 0.02610966057441253 0.03616236162361624
123 0.39490861618798956 0.24907749077490776 0.11879895561357702 0.11291512915129151
174 0.22780678851174935 0.674169741697417 0.04569190600522193 0.04059040590405904