4 0.28524804177545693 0.43321033210332105 0.3302872062663185 0.14760147601476015
44 0.6168407310704961 0.9763837638376384 0.706266318537859 0.041328413284132844
8 0.09530026109660575 0.9616236162361623 0.08093994778067885 0.057564575645756455
160 0.31266318537859006 0.8819188191881919 0.18929503916449086 0.14760147601476015
128 0.5 0.8830258302583026 0.18798955613577023 0.14833948339483394
15 0.6873368146214099 0.8837638376383764 0.1866840731070496 0.14981549815498155
40 0.8753263707571801 0.8819188191881919 0.18929503916449086 0.14907749077490776
140 0.5058746736292428 0.688929889298893 0.1866840731070496 0.11143911439114391
145 0.2402088772845953 0.6261992619926199 0.14882506527415143 0.07011070110701106
145 0.7591383812010444 0.6276752767527676 0.15013054830287206 0.07306273062730627
52 0.239556135770235 0.2022140221402214 0.12402088772845953 0.08708487084870849
52 0.7630548302872062 0.2022140221402214 0.12663185378590078 0.08708487084870849
158 0.23302872062663185 0.18081180811808117 0.07180156657963446 0.04428044280442804
158 0.7539164490861618 0.18081180811808117 0.07180156657963446 0.045756457564575644
105 0.4980417754569191 0.11992619926199262 0.1866840731070496 0.12619926199261994
185 0.762402088772846 0.14649446494464943 0.14882506527415143 0.02730627306273063
185 0.23890339425587467 0.14797047970479704 0.14882506527415143 0.02730627306273063
139 0.49869451697127937 0.7586715867158672 0.20887728459530025 0.03247232472324723
112 0.26566579634464754 0.42103321033210334 0.07180156657963446 0.025830258302583026
46 0.2545691906005222 0.45166051660516604 0.15926892950391644 0.09003690036900369
48 0.3831592689295039 0.6845018450184502 0.050913838120104436 0.03468634686346864
48 0.40992167101827676 0.6970479704797048 0.05483028720626632 0.03468634686346864
72 0.7362924281984334 0.3955719557195572 0.1122715404699739 0.07084870848708487
147 0.4223237597911227 0.6070110701107011 0.10052219321148825 0.08339483394833948