2 0.3125065274151436 0.8788782287822879 0.19092689295039164 0.1411439114391144
51 0.6870104438642297 0.8823837638376385 0.1860313315926893 0.1466789667896679
128 0.8763054830287206 0.8828413284132841 0.18276762402088773 0.14760147601476015
169 0.495757180156658 0.8833062730627307 0.1866840731070496 0.1466789667896679
15 0.09383812010443864 0.9515719557195573 0.07996083550913838 0.03782287822878229
144 0.23988250652741513 0.6134686346863468 0.15339425587467362 0.09040590405904059
144 0.761266318537859 0.6157785977859779 0.1452349869451697 0.08763837638376384
146 0.2423368146214099 0.6277712177121771 0.15176240208877284 0.024907749077490774
146 0.7637075718015666 0.6277712177121771 0.15013054830287206 0.026752767527675275
107 0.5 0.023985239852398525 0.20887728459530025 0.03468634686346864
105 0.5006527415143603 0.12066420664206642 0.1866840731070496 0.12029520295202951
52 0.7610966057441253 0.1970479704797048 0.17232375979112272 0.11955719557195572
28 0.7630548302872062 0.1752767527675277 0.08224543080939947 0.05830258302583026
185 0.7637075718015666 0.11771217712177122 0.1514360313315927 0.028782287822878228
53 0.23825065274151436 0.2140221402214022 0.15796344647519583 0.07380073800738007
140 0.5078328981723238 0.6863468634686347 0.1906005221932115 0.11660516605166052
139 0.49738903394255873 0.7590405904059041 0.21148825065274152 0.033210332103321034
44 0.6207571801566579 0.9752767527675277 0.7088772845953003 0.04206642066420664
100 0.25522193211488253 0.44053874538745386 0.12140992167101827 0.06947601476014767
20 0.7741514360313316 0.46789667896678966 0.057441253263707574 0.06642066420664207
13 0.2454308093994778 0.38191881918819187 0.07571801566579635 0.03173431734317343
13 0.3028720626631854 0.42583025830258303 0.07571801566579635 0.026568265682656828
13 0.25326370757180156 0.42066420664206644 0.05483028720626632 0.035424354243542434
13 0.24608355091383813 0.44354243542435423 0.048302872062663184 0.03394833948339483
13 0.2963446475195822 0.4047970479704797 0.044386422976501305 0.03025830258302583
159 0.3838120104438642 0.5391143911439115 0.30548302872062666 0.14243542435424356
143 0.27610966057441255 0.5062730627306273 0.13446475195822455 0.07527675276752767