145 0.2402088772845953 0.6247232472324723 0.1514360313315927 0.07749077490774908
145 0.758485639686684 0.6236162361623616 0.1514360313315927 0.07527675276752767
140 0.5078328981723238 0.6878228782287823 0.185378590078329 0.11365313653136531
44 0.6181462140992167 0.9767527675276753 0.7088772845953003 0.04206642066420664
9 0.0926892950391645 0.9619926199261992 0.0783289817232376 0.05977859778597786
2 0.30809399477806787 0.8822878228782288 0.185378590078329 0.14686346863468636
128 0.6879895561357703 0.8822878228782288 0.1906005221932115 0.14538745387453875
160 0.8772845953002611 0.8822878228782288 0.18798955613577023 0.14538745387453875
52 0.2402088772845953 0.20184501845018452 0.1227154046997389 0.08782287822878229
52 0.7637075718015666 0.2011070110701107 0.1227154046997389 0.08634686346863468
185 0.7617493472584856 0.14649446494464943 0.1475195822454308 0.025830258302583026
158 0.2310704960835509 0.1797047970479705 0.06527415143603134 0.043542435424354244
158 0.7526109660574413 0.18044280442804428 0.07180156657963446 0.045018450184501846
105 0.4980417754569191 0.12103321033210332 0.18929503916449086 0.12398523985239852
185 0.2402088772845953 0.14649446494464943 0.14882506527415143 0.02730627306273063
107 0.5 0.03394833948339483 0.206266318537859 0.028044280442804426
139 0.4993472584856397 0.7590405904059041 0.21018276762402088 0.033210332103321034
180 0.6671018276762402 0.5416974169741697 0.06527415143603134 0.05461254612546126
126 0.5698433420365535 0.6523985239852399 0.07963446475195822 0.045756457564575644
15 0.4993472584856397 0.8826568265682657 0.1866840731070496 0.14612546125461254
176 0.3577023498694517 0.5453874538745388 0.09138381201044386 0.06494464944649446
57 0.24086161879895562 0.4774907749077491 0.11096605744125326 0.1018450184501845
83 0.6194516971279374 0.6856088560885609 0.06657963446475196 0.06346863468634686
14 0.6285900783289817 0.6413284132841328 0.15013054830287206 0.07675276752767528
69 0.5137075718015666 0.15424354243542435 0.0587467362924282 0.03394833948339483