53 0.2402088772845953 0.21660516605166052 0.1514360313315927 0.07011070110701106
144 0.24608355091383813 0.6081180811808118 0.13185378590078328 0.08413284132841328
144 0.7650130548302873 0.6107011070110702 0.1514360313315927 0.08634686346863468
140 0.5058746736292428 0.6848708487084871 0.1919060052219321 0.11512915129151291
146 0.24347258485639686 0.6250922509225092 0.1475195822454308 0.023616236162361623
146 0.7650130548302873 0.6254612546125461 0.1514360313315927 0.025830258302583026
139 0.5006527415143603 0.7557195571955719 0.21018276762402088 0.03247232472324723
52 0.7617493472584856 0.19557195571955718 0.17101827676240208 0.11808118081180811
185 0.7656657963446475 0.11512915129151291 0.15013054830287206 0.02952029520295203
106 0.5019582245430809 0.13505535055350554 0.18407310704960836 0.0929889298892989
28 0.7597911227154047 0.18081180811808117 0.08616187989556136 0.041328413284132844
135 0.7513054830287206 0.23690036900369005 0.08224543080939947 0.06199261992619926
143 0.3244125326370757 0.5863468634686347 0.11879895561357702 0.07011070110701106
4 0.3825065274151436 0.1959409594095941 0.3289817232375979 0.14833948339483394
54 0.7610966057441253 0.13136531365313653 0.1174934725848564 0.07084870848708487
54 0.4980417754569191 0.054243542435424355 0.12663185378590078 0.07011070110701106