161 0.09464751958224543 0.9616236162361623 0.08224543080939947 0.05904059040590406
15 0.3133159268929504 0.8826568265682657 0.1906005221932115 0.14760147601476015
169 0.5 0.8826568265682657 0.18798955613577023 0.14612546125461254
128 0.6879895561357703 0.8833948339483395 0.19321148825065274 0.14612546125461254
2 0.8759791122715405 0.8833948339483395 0.18276762402088773 0.14612546125461254
140 0.5039164490861618 0.688929889298893 0.18798955613577023 0.1099630996309963
139 0.49869451697127937 0.7590405904059041 0.20887728459530025 0.033210332103321034
174 0.5685378590078329 0.7269372693726938 0.04569190600522193 0.03690036900369004
174 0.5469973890339426 0.6350553505535055 0.0391644908616188 0.028782287822878228
174 0.618798955613577 0.6682656826568266 0.033942558746736295 0.03911439114391144
143 0.664490861618799 0.685239852398524 0.13577023498694518 0.07453874538745388
80 0.7193211488250653 0.6656826568265682 0.06266318537859007 0.042804428044280446
80 0.6697127937336814 0.6546125461254613 0.04699738903394256 0.03394833948339483
135 0.43276762402088775 0.6442804428044281 0.05613577023498695 0.041328413284132844
122 0.6318537859007833 0.5284132841328413 0.08877284595300261 0.07822878228782287
174 0.7212793733681462 0.570479704797048 0.04569190600522193 0.03837638376383764
174 0.7258485639686684 0.5398523985239853 0.057441253263707574 0.033210332103321034
95 0.7199738903394256 0.33911439114391145 0.0639686684073107 0.07158671586715867
95 0.7506527415143603 0.3763837638376384 0.06266318537859007 0.07380073800738007
95 0.7774151436031331 0.3420664206642066 0.05613577023498695 0.07453874538745388
44 0.6168407310704961 0.9756974169741697 0.7088772845953003 0.03995571955719548
25 0.856396866840731 0.11512915129151291 0.10704960835509138 0.08265682656826569
122 0.3870757180156658 0.24797047970479705 0.09007832898172324 0.07822878228782287
53 0.7578328981723238 0.2177121771217712 0.15274151436031333 0.06789667896678966
185 0.24086161879895562 0.12730627306273062 0.15013054830287206 0.02730627306273063
107 0.49673629242819844 0.030627306273062732 0.20757180156657964 0.03468634686346864
105 0.5006527415143603 0.11512915129151291 0.1866840731070496 0.13431734317343175
138 0.19255874673629242 0.7143911439114391 0.07702349869451697 0.02952029520295203
145 0.2402088772845953 0.6273062730627307 0.15404699738903394 0.07380073800738007
145 0.7604438642297651 0.6265682656826568 0.15274151436031333 0.07380073800738007
52 0.2402088772845953 0.1970479704797048 0.16971279373368145 0.11660516605166052
27 0.2160574412532637 0.1881918819188192 0.10835509138381201 0.06199261992619926