44 0.6176631853785901 0.9760147601476015 0.7065926892950392 0.04059040590405904
2 0.3113577023498694 0.8822140221402215 0.1866840731070496 0.14819926199261987
51 0.5 0.8821476014760147 0.18798955613577023 0.14833948339483394
15 0.6879895561357703 0.8814095940959409 0.185378590078329 0.14833948339483394
8 0.8766318537859008 0.8817785977859778 0.18929503916449086 0.14907749077490776
144 0.23694516971279372 0.6109298892988929 0.1475195822454308 0.08708487084870849
144 0.7591383812010444 0.6116678966789667 0.15013054830287206 0.08560885608856089
146 0.23694516971279372 0.6286420664206641 0.1475195822454308 0.023616236162361623
105 0.49869451697127937 0.12177121771217712 0.19321148825065274 0.12250922509225093
52 0.2362924281984334 0.2011070110701107 0.12532637075718014 0.09225092250922509
52 0.7597911227154047 0.1988929889298893 0.1279373368146214 0.0907749077490775
158 0.2297650130548303 0.17638376383763837 0.0731070496083551 0.03690036900369004
185 0.23825065274151436 0.14428044280442803 0.1475195822454308 0.025830258302583026
185 0.7604438642297651 0.14391143911439114 0.1475195822454308 0.025092250922509225
140 0.5071801566579635 0.6881918819188192 0.1814621409921671 0.11291512915129151
146 0.758485639686684 0.6279040590405903 0.1462140992167102 0.023616236162361623
151 0.09595300261096605 0.9621771217712177 0.08485639686684072 0.05904059040590406
110 0.7552219321148825 0.44981549815498156 0.06135770234986945 0.03173431734317343
134 0.7637075718015666 0.35645756457564576 0.0783289817232376 0.06642066420664207
134 0.8152741514360313 0.36642066420664204 0.07702349869451697 0.07011070110701106
134 0.7754569190600522 0.31845018450184504 0.0783289817232376 0.03911439114391144
61 0.4314621409921671 0.26642066420664207 0.11096605744125326 0.07527675276752767
142 0.8198433420365535 0.5062730627306273 0.08093994778067885 0.04870848708487085
142 0.8766318537859008 0.5029520295202952 0.06135770234986945 0.04059040590405904
142 0.9197127937336814 0.48081180811808116 0.06135770234986945 0.04206642066420664
38 0.34399477806788514 0.24833948339483394 0.15535248041775457 0.1099630996309963
110 0.804177545691906 0.43763837638376385 0.057441253263707574 0.03394833948339483
158 0.7617493472584856 0.17601476014760148 0.07441253263707572 0.037638376383763834
89 0.5274151436031331 0.23985239852398524 0.1279373368146214 0.07822878228782287
90 0.4804177545691906 0.15424354243542435 0.0731070496083551 0.06937269372693727