9 0.09325065274151437 0.9620516605166051 0.0783289817232376 0.06221402214022154
15 0.3133159268929504 0.8814022140221401 0.19022193211488256 0.14760147601476015
128 0.49981723237597914 0.8829815498154981 0.19022193211488256 0.15076752767527674
160 0.6872454308093994 0.8814022140221401 0.1846344647519583 0.14549077490774898
169 0.8728067885117494 0.8814022140221401 0.19022193211488256 0.14549077490774898
44 0.6173107049608355 0.9747084870848709 0.7049608355091384 0.03690036900369004
140 0.5063446475195823 0.6905756457564576 0.18090078328981715 0.1117564575645757
144 0.24058746736292427 0.6146642066420664 0.14920365535248045 0.08434686346863465
144 0.7627806788511748 0.6141328413284133 0.14920365535248037 0.08539483394833951
146 0.24058746736292427 0.6278450184501845 0.14920365535248045 0.02635424354243545
146 0.7618407310704961 0.6288929889298893 0.15105744125326376 0.024250922509225017
174 0.7804960835509138 0.43859778597785976 0.05035248041775449 0.03795571955719562
174 0.7804960835509138 0.40960147601476016 0.05035248041775449 0.03057564575645761
174 0.8112663185378589 0.2598892988929889 0.0484986945169714 0.032678966789667876
174 0.8056788511749347 0.2846715867158672 0.04101827676240218 0.03795571955719553
175 0.2191383812010444 0.4897269372693727 0.11375979112271539 0.05166051660516605
80 0.25737597911227156 0.558250922509225 0.05593994778067888 0.032678966789667876
180 0.2536422976501305 0.4512472324723248 0.06340731070496082 0.04428044280442804
25 0.5240600522193212 0.26620664206642064 0.11189295039164496 0.08539483394833951
27 0.21819843342036552 0.19030258302583028 0.10443864229765012 0.06220664206642066
27 0.7394647519582245 0.18977121771217711 0.11003916449086157 0.06325461254612547
52 0.24244125326370758 0.19557195571955718 0.16784595300261096 0.11491512915129154
52 0.7637075718015666 0.19609594095940958 0.16971279373368145 0.11386715867158669
95 0.207023498694517 0.37216974169741696 0.06340731070496082 0.07380073800738003
95 0.20142297650130547 0.3326346863468635 0.06712793733681464 0.05377121771217713
185 0.24151436031331594 0.12598523985239854 0.14733681462140993 0.02635424354243541
185 0.7627806788511748 0.12598523985239854 0.1454699738903395 0.02635424354243541
183 0.8550913838120104 0.11702583025830257 0.10257180156657955 0.08223616236162362
105 0.5026109660574413 0.11913653136531366 0.1846344647519583 0.12440590405904059
95 0.195822454308094 0.3094391143911439 0.059686684073107066 0.04954981549815497
80 0.6546083550913838 0.14127675276752769 0.048485639686684054 0.04428044280442804
80 0.6228981723237598 0.12072324723247234 0.048485639686684054 0.041121771217712155
80 0.6825848563968668 0.1565608856088561 0.04848563968668413 0.03901107011070112