44 0.6257049608355092 0.975749077490775 0.703093994778068 0.04322509225092263
8 0.3133159268929504 0.8834981549815499 0.19395561357702346 0.14760147601476015
15 0.4970104438642297 0.8813948339483395 0.18836814621409917 0.14338745387453872
150 0.6863054830287206 0.8819188191881919 0.19022193211488256 0.14443542435424356
169 0.8737467362924282 0.8834981549815499 0.18836814621409917 0.14760147601476015
129 0.09325065274151437 0.9615202952029519 0.08578328981723235 0.05904059040590406
140 0.5044778067885117 0.6879261992619926 0.195822454308094 0.11281180811808111
139 0.49981723237597914 0.7606715867158672 0.20514360313315924 0.030575645756457527
143 0.7198694516971279 0.44175645756457566 0.11936031331592697 0.08011808118081176
0 0.3291644908616188 0.5513948339483394 0.057806788511749314 0.03795571955719562
52 0.23964751958224542 0.19609594095940958 0.16971279373368145 0.1201918819188192
52 0.7599738903394255 0.19820664206642066 0.17344647519582232 0.11808118081180811
185 0.7618407310704961 0.12335055350553505 0.15105744125326376 0.02952029520295203
185 0.24151436031331594 0.12440590405904059 0.15105744125326367 0.02740959409594095
31 0.2387206266318538 0.09699630996309963 0.1529242819843342 0.02740959409594095
31 0.7627806788511748 0.0954169741697417 0.14920365535248037 0.02424354243542436
105 0.5026109660574413 0.11861992619926198 0.1846344647519583 0.12546125461254612
145 0.24151436031331594 0.6257343173431734 0.1585248041775457 0.07485608856088566
145 0.7609138381201045 0.6241549815498155 0.14920365535248037 0.06958671586715864
0 0.2741383812010444 0.541380073800738 0.05595300261096608 0.049549815498155056
23 0.5371148825065274 0.6362656826568266 0.08578328981723242 0.05166051660516605
108 0.37951697127937334 0.614649446494465 0.12121409921671021 0.06536531365313648
84 0.7152219321148825 0.5619409594095941 0.2965274151436032 0.1412767527675277
66 0.2946605744125326 0.48076014760147595 0.09698433420365538 0.08645018450184509
66 0.37298955613577023 0.48445018450184496 0.09325065274151433 0.08961623616236167
30 0.23964751958224542 0.1707970479704797 0.06900783289817235 0.05692988929889298
30 0.7646344647519583 0.16974169741697417 0.06714099216710191 0.05271586715867161