147 0.22845953002610966 0.29428044280442806 0.0881201044386423 0.08118081180811808
2 0.32556135770234984 0.8823837638376385 0.20071801566579633 0.14852398523985239
15 0.5099608355091384 0.8833062730627307 0.16808093994778067 0.1503690036900369
160 0.6878328981723237 0.8833062730627307 0.20071801566579633 0.14852398523985239
150 0.8763054830287206 0.8833062730627307 0.18929503916449086 0.1466789667896679
129 0.09301566579634465 0.9511070110701108 0.0881201044386423 0.042435424354243544
144 0.23744125326370757 0.6116236162361623 0.1452349869451697 0.09225092250922509
144 0.7677937336814621 0.6125461254612546 0.12891644908616187 0.08671586715867159
146 0.24070496083550913 0.6282287822878229 0.15176240208877284 0.023985239852398525
146 0.7620757180156658 0.6263837638376384 0.15339425587467362 0.027675276752767528
138 0.38511749347258484 0.7029520295202952 0.07506527415143603 0.03505535055350553
140 0.5058746736292428 0.6877343173431735 0.18929503916449086 0.11162361623616236
139 0.4985378590078329 0.7596900369003691 0.21050913838120106 0.03413284132841329
135 0.6821148825065274 0.6369963099630996 0.06527415143603134 0.052583025830258305
52 0.7620757180156658 0.19649446494464945 0.1762402088772846 0.11808118081180811
54 0.23907310704960835 0.1259261992619926 0.12565274151436032 0.07103321033210332
53 0.24314621409921672 0.17850922509225092 0.15013054830287206 0.0470479704797048
185 0.7628981723237598 0.11762361623616235 0.14849869451697129 0.026752767527675275
28 0.7637075718015666 0.17389667896678968 0.08485639686684072 0.0544280442804428
142 0.19092689295039164 0.22555719557195572 0.0587467362924282 0.045202952029520294
142 0.2986292428198433 0.24077490774907748 0.05548302872062663 0.04428044280442804
136 0.30597911227154045 0.21309963099630996 0.07343342036553525 0.033210332103321034
142 0.24640992167101827 0.21725461254612546 0.0783289817232376 0.048892988929889296
107 0.4993472584856397 0.025830258302583026 0.20887728459530025 0.03136531365313653
105 0.5001697127937337 0.12039114391143911 0.19092689295039164 0.11531365313653137
44 0.6201044386422977 0.9755571955719557 0.7114882506527415 0.043357933579335796