159 0.7617493472584856 0.3461254612546125 0.2963446475195822 0.14022140221402213
44 0.6176631853785901 0.9760147601476015 0.7065926892950392 0.04059040590405904
2 0.3113577023498694 0.8822140221402215 0.1866840731070496 0.14819926199261987
169 0.5 0.8821476014760147 0.18798955613577023 0.14833948339483394
15 0.6879895561357703 0.8814095940959409 0.185378590078329 0.14833948339483394
8 0.8766318537859008 0.8817785977859778 0.18929503916449086 0.14907749077490776
144 0.23694516971279372 0.6109298892988929 0.1475195822454308 0.08708487084870849
144 0.7591383812010444 0.6116678966789667 0.15013054830287206 0.08560885608856089
146 0.23694516971279372 0.6286420664206641 0.1475195822454308 0.023616236162361623
105 0.49869451697127937 0.12177121771217712 0.19321148825065274 0.12250922509225093
52 0.2362924281984334 0.2011070110701107 0.12532637075718014 0.09225092250922509
52 0.7597911227154047 0.1988929889298893 0.1279373368146214 0.0907749077490775
158 0.2297650130548303 0.17638376383763837 0.0731070496083551 0.03690036900369004
185 0.23825065274151436 0.14428044280442803 0.1475195822454308 0.025830258302583026
185 0.7604438642297651 0.14391143911439114 0.1475195822454308 0.025092250922509225
140 0.5071801566579635 0.6881918819188192 0.1814621409921671 0.11291512915129151
146 0.758485639686684 0.6279040590405903 0.1462140992167102 0.023616236162361623
151 0.09595300261096605 0.9621771217712177 0.08485639686684072 0.05904059040590406
110 0.7310704960835509 0.4738007380073801 0.04177545691906005 0.045756457564575644
134 0.7676240208877284 0.33616236162361623 0.0783289817232376 0.07601476014760147
134 0.8126631853785901 0.3420664206642066 0.07702349869451697 0.07011070110701106
134 0.7748041775456919 0.2974169741697417 0.07963446475195822 0.03985239852398524
61 0.4321148825065274 0.26789667896678965 0.1122715404699739 0.07822878228782287
143 0.7565274151436031 0.4151291512915129 0.12663185378590078 0.07749077490774908
142 0.8903394255874674 0.5575645756457565 0.0731070496083551 0.037638376383763834
142 0.9262402088772846 0.5302583025830259 0.07963446475195822 0.04059040590405904
142 0.9216710182767625 0.5018450184501845 0.06527415143603134 0.03837638376383764
38 0.4321148825065274 0.2044280442804428 0.15404699738903394 0.1018450184501845
110 0.7826370757180157 0.5206642066420665 0.06135770234986945 0.04059040590405904
110 0.7996083550913838 0.43394833948339484 0.04308093994778068 0.04428044280442804
110 0.9086161879895561 0.4354243542435424 0.0391644908616188 0.03837638376383764
110 0.910574412532637 0.4664206642066421 0.050913838120104436 0.02952029520295203
110 0.8838120104438643 0.5210332103321034 0.044386422976501305 0.042804428044280446
158 0.7617493472584856 0.17601476014760148 0.07441253263707572 0.037638376383763834