47 0.7304177545691906 0.45608856088560884 0.15796344647519583 0.08265682656826569
44 0.6168407310704961 0.9763837638376384 0.706266318537859 0.041328413284132844
129 0.09530026109660575 0.9616236162361623 0.08093994778067885 0.057564575645756455
15 0.31266318537859006 0.8819188191881919 0.18929503916449086 0.14760147601476015
2 0.5 0.8830258302583026 0.18798955613577023 0.14833948339483394
51 0.6873368146214099 0.8837638376383764 0.1866840731070496 0.14981549815498155
8 0.8753263707571801 0.8819188191881919 0.18929503916449086 0.14907749077490776
140 0.5058746736292428 0.688929889298893 0.1866840731070496 0.11143911439114391
144 0.2402088772845953 0.6118081180811809 0.14882506527415143 0.08708487084870849
144 0.7630548302872062 0.6125461254612546 0.15013054830287206 0.08856088560885608
146 0.239556135770235 0.6287822878228783 0.1475195822454308 0.025092250922509225
146 0.7610966057441253 0.6284132841328414 0.14882506527415143 0.024354243542435424
52 0.239556135770235 0.2022140221402214 0.12402088772845953 0.08708487084870849
52 0.7630548302872062 0.2022140221402214 0.12663185378590078 0.08708487084870849
158 0.23302872062663185 0.18081180811808117 0.07180156657963446 0.04428044280442804
158 0.7539164490861618 0.18081180811808117 0.07180156657963446 0.045756457564575644
105 0.4980417754569191 0.11992619926199262 0.1866840731070496 0.12619926199261994
72 0.23368146214099217 0.5505535055350553 0.09399477806788512 0.05461254612546126
112 0.7813315926892951 0.46826568265682655 0.0587467362924282 0.05387453874538745
166 0.27284595300261094 0.37084870848708484 0.08877284595300261 0.08782287822878229
114 0.7728459530026109 0.5214022140221403 0.09138381201044386 0.1011070110701107
143 0.5881201044386423 0.4885608856088561 0.1475195822454308 0.08708487084870849
147 0.19386422976501305 0.5114391143911439 0.09007832898172324 0.05608856088560885
185 0.762402088772846 0.14649446494464943 0.14882506527415143 0.02730627306273063
185 0.23890339425587467 0.14797047970479704 0.14882506527415143 0.02730627306273063
113 0.7911227154046997 0.44243542435424354 0.044386422976501305 0.04944649446494465
46 0.7186684073107049 0.5107011070110701 0.12402088772845953 0.08856088560885608