44 0.6176631853785901 0.9760147601476015 0.7065926892950392 0.04059040590405904
150 0.3113577023498694 0.8822140221402215 0.1866840731070496 0.14819926199261987
160 0.5 0.8821476014760147 0.18798955613577023 0.14833948339483394
128 0.6879895561357703 0.8814095940959409 0.185378590078329 0.14833948339483394
8 0.8766318537859008 0.8817785977859778 0.18929503916449086 0.14907749077490776
144 0.23694516971279372 0.6109298892988929 0.1475195822454308 0.08708487084870849
144 0.7591383812010444 0.6116678966789667 0.15013054830287206 0.08560885608856089
146 0.23694516971279372 0.6286420664206641 0.1475195822454308 0.023616236162361623
105 0.49869451697127937 0.12177121771217712 0.19321148825065274 0.12250922509225093
52 0.2362924281984334 0.2011070110701107 0.12532637075718014 0.09225092250922509
52 0.7597911227154047 0.1988929889298893 0.1279373368146214 0.0907749077490775
158 0.2297650130548303 0.17638376383763837 0.0731070496083551 0.03690036900369004
185 0.23825065274151436 0.14428044280442803 0.1475195822454308 0.025830258302583026
185 0.7604438642297651 0.14391143911439114 0.1475195822454308 0.025092250922509225
140 0.5071801566579635 0.6881918819188192 0.1814621409921671 0.11291512915129151
146 0.758485639686684 0.6279040590405903 0.1462140992167102 0.023616236162361623
3 0.09399477806788512 0.9618081180811808 0.08093994778067885 0.05830258302583026
92 0.5215404699738904 0.3007380073800738 0.1475195822454308 0.09225092250922509
158 0.7617493472584856 0.17601476014760148 0.07441253263707572 0.037638376383763834
89 0.7558746736292428 0.5380073800738008 0.14360313315926893 0.08560885608856089
90 0.2754569190600522 0.35793357933579334 0.0783289817232376 0.07380073800738007
192 0.7578328981723238 0.41660516605166054 0.08485639686684072 0.07749077490774908
143 0.347911227154047 0.5047970479704798 0.1422976501305483 0.07232472324723248
147 0.847911227154047 0.44280442804428044 0.09007832898172324 0.1003690036900369
137 0.27154046997389036 0.4173431734317343 0.10443864229765012 0.1099630996309963
80 0.34986945169712796 0.48044280442804427 0.06266318537859007 0.02952029520295203
174 0.7251958224543081 0.44723247232472324 0.03263707571801567 0.035424354243542434
174 0.7715404699738904 0.4653136531365314 0.04699738903394256 0.037638376383763834
174 0.7969973890339426 0.4199261992619926 0.03263707571801567 0.035424354243542434