52 0.7647911227154047 0.19864944649446495 0.16753263707571792 0.1168487084870849
52 0.23390339425587467 0.20049446494464945 0.15447780678851172 0.11070110701107011
180 0.7234464751958224 0.2995129151291513 0.0587467362924282 0.052885608856088534
144 0.23607049608355093 0.6143911439114391 0.15447780678851172 0.0873284132841328
144 0.7647911227154047 0.6100885608856088 0.14578328981723246 0.08856088560885608
140 0.5069582245430809 0.6900369003690037 0.19147519582245426 0.11070110701107011
105 0.4982637075718016 0.12177121771217712 0.17842036553524798 0.13529889298892991
8 0.31253263707571804 0.8805166051660516 0.18804177545691908 0.14303321033210328
2 0.49950391644908615 0.8820073800738006 0.19084856396866848 0.14496678966789656
15 0.6847650130548303 0.8837638376383764 0.19022193211488256 0.14636900369003686
40 0.8754569190600523 0.8820073800738006 0.19550913838120104 0.14496678966789656
170 0.09464751958224543 0.959409594095941 0.08050913838120105 0.06396309963099636
44 0.29699738903394257 0.9659114391143911 0.06309399477806786 0.028811808118081154
185 0.24070496083550913 0.12315867158671587 0.1463185378590078 0.026752767527675275
185 0.7626240208877284 0.12484870848708486 0.15013054830287206 0.02828782287822877
146 0.2393342036553525 0.6285387453874538 0.14360313315926893 0.02214022140221402
146 0.76588772845953 0.6291512915129152 0.14360313315926893 0.020907749077490722
174 0.8148302872062663 0.10455350553505534 0.05439947780678861 0.03935793357933578
174 0.8344255874673628 0.12546125461254612 0.04133159268929515 0.034442804428044295
174 0.7190992167101828 0.5633431734317343 0.05875979112271539 0.03444280442804434
180 0.27631853785900784 0.34501845018450183 0.05656657963446473 0.057808118081180845
180 0.28066579634464756 0.3105756457564576 0.056579634464752 0.033210332103321034
180 0.6821148825065274 0.09656088560885609 0.0500391644908616 0.0578081180811808
96 0.7985248041775457 0.3480959409594096 0.05656657963446466 0.03690036900369004
71 0.17950391644908617 0.23185977859778598 0.04569190600522193 0.057808118081180845
80 0.8463968668407311 0.2158671586715867 0.05221932114882506 0.04059040590405904
80 0.8746736292428199 0.17957933579335794 0.05221932114882506 0.0418228782287823
39 0.190378590078329 0.1537490774907749 0.06309399477806786 0.03935793357933578
180 0.7452088772845954 0.09901845018450184 0.05439947780678861 0.04059040590405904
158 0.2349869451697128 0.1752767527675277 0.06527415143603134 0.04059040590405904
158 0.7560966057441253 0.17773431734317344 0.07180156657963446 0.04304797047970479