144 0.23964751958224542 0.6125461254612546 0.15105744125326367 0.08856088560885608
144 0.7637075718015666 0.6125461254612546 0.15105744125326376 0.09067158671586709
146 0.2387206266318538 0.6278302583025831 0.14920365535248045 0.028464944649446447
146 0.7618407310704961 0.6283616236162362 0.15479112271540463 0.02952029520295203
140 0.5054046997389033 0.6868708487084871 0.19022193211488256 0.10859040590405894
40 0.31424281984334207 0.8829741697416975 0.18090078328981724 0.14443542435424356
2 0.49981723237597914 0.8824501845018451 0.18650130548302873 0.14338745387453872
160 0.6881723237597911 0.8824501845018451 0.19022193211488256 0.14338745387453872
169 0.8746736292428199 0.8819261992619926 0.18276762402088773 0.14443542435424356
16 0.094177545691906 0.9604649446494465 0.0801958224543081 0.056929889298892894
44 0.6182375979112271 0.9752250922509226 0.7105613577023498 0.04006642066420662
27 0.21633159268929505 0.18766789667896677 0.10817232375979115 0.06325461254612545
27 0.7403916449086162 0.18713653136531364 0.11189295039164496 0.06220664206642066
52 0.2387206266318538 0.19557195571955718 0.17157963446475197 0.11491512915129154
185 0.2377806788511749 0.12493726937269373 0.15105744125326367 0.02635424354243541
185 0.7618407310704961 0.12598523985239854 0.15105744125326376 0.02846494464944649
52 0.7618407310704961 0.19504797047970482 0.17344647519582232 0.11808118081180811
105 0.5016840731070497 0.11913653136531366 0.19022193211488256 0.12440590405904059
174 0.2566579634464752 0.48739483394833943 0.05681462140992165 0.04040590405904059
174 0.7869451697127937 0.5058671586715867 0.04886422976501314 0.03722509225092255
174 0.2564099216710183 0.45050184501845014 0.05844647519582243 0.03582287822878226
174 0.7333289817232376 0.49699630996309957 0.0539556135770234 0.030457564575645742
174 0.738668407310705 0.5217269372693727 0.047976501305483026 0.039675276752767524
174 0.7896083550913838 0.4790996309963099 0.0539686684073106 0.03007380073800738
174 0.7397127937336815 0.430789667896679 0.045065274151436005 0.03313653136531372
174 0.7372323759791123 0.4699483394833948 0.048368146214099156 0.027099630996309982
174 0.7851436031331592 0.45652398523985244 0.05220626631853787 0.03373431734317346
174 0.7366710182767624 0.45335055350553505 0.044751958224543045 0.03374169741697419
183 0.85322454308094 0.11650184501845019 0.10257180156657955 0.08329151291512916
174 0.8019321148825065 0.2894022140221402 0.0484986945169714 0.030583025830258345
25 0.5240600522193212 0.2667380073800738 0.10817232375979115 0.08645018450184501
174 0.8056657963446475 0.31787453874538746 0.05221932114882506 0.041114391143911466
174 0.8411096605744125 0.1671070110701107 0.04476501305483024 0.03690036900369004
174 0.8550913838120104 0.14971217712177123 0.046618798955613626 0.03795571955719558
175 0.1193603133159269 0.09910701107011069 0.11189295039164489 0.09699630996309963
80 0.469046997389034 0.06115129151291513 0.0540861618798955 0.04849446494464945
80 0.5706788511749347 0.04322509225092251 0.0634073107049609 0.06958671586715867
80 0.5296475195822454 0.05377121771217712 0.05221932114882506 0.02530627306273062