184 0.3825065274151436 0.47601476014760147 0.5195822454308094 0.24206642066420664
44 0.6168407310704961 0.9763837638376384 0.706266318537859 0.041328413284132844
16 0.09530026109660575 0.9616236162361623 0.08093994778067885 0.057564575645756455
160 0.31266318537859006 0.8819188191881919 0.18929503916449086 0.14760147601476015
2 0.5 0.8830258302583026 0.18798955613577023 0.14833948339483394
169 0.6873368146214099 0.8837638376383764 0.1866840731070496 0.14981549815498155
40 0.8753263707571801 0.8819188191881919 0.18929503916449086 0.14907749077490776
140 0.5058746736292428 0.688929889298893 0.1866840731070496 0.11143911439114391
145 0.2402088772845953 0.618450184501845 0.14882506527415143 0.08560885608856089
145 0.7591383812010444 0.6276752767527676 0.15013054830287206 0.07306273062730627
52 0.239556135770235 0.2022140221402214 0.12402088772845953 0.08708487084870849
52 0.7630548302872062 0.2022140221402214 0.12663185378590078 0.08708487084870849
158 0.23302872062663185 0.18081180811808117 0.07180156657963446 0.04428044280442804
158 0.7539164490861618 0.18081180811808117 0.07180156657963446 0.045756457564575644
105 0.4980417754569191 0.11992619926199262 0.1866840731070496 0.12619926199261994
185 0.762402088772846 0.14649446494464943 0.14882506527415143 0.02730627306273063
185 0.23890339425587467 0.14797047970479704 0.14882506527415143 0.02730627306273063
139 0.49869451697127937 0.7586715867158672 0.20887728459530025 0.03247232472324723
143 0.2904699738903394 0.396309963099631 0.12663185378590078 0.08118081180811808
112 0.4281984334203655 0.3092250922509225 0.07571801566579635 0.06346863468634686
46 0.28720626631853785 0.23542435424354244 0.15926892950391644 0.08413284132841328
50 0.30678851174934724 0.5793357933579336 0.09660574412532637 0.053136531365313655