144 0.2402088772845953 0.6121771217712177 0.1514360313315927 0.08487084870848709
144 0.762402088772846 0.611439114391144 0.1514360313315927 0.08929889298892989
146 0.2402088772845953 0.6280442804428045 0.14882506527415143 0.026568265682656828
146 0.7617493472584856 0.6280442804428045 0.15013054830287206 0.023616236162361623
140 0.5078328981723238 0.6878228782287823 0.185378590078329 0.11365313653136531
44 0.6181462140992167 0.9767527675276753 0.7088772845953003 0.04206642066420664
9 0.09530026109660575 0.9605166051660516 0.0783289817232376 0.05977859778597786
51 0.31201044386422977 0.881549815498155 0.185378590078329 0.14686346863468636
160 0.4993472584856397 0.8826568265682657 0.1866840731070496 0.14612546125461254
2 0.6879895561357703 0.8822878228782288 0.1906005221932115 0.14538745387453875
128 0.8772845953002611 0.8822878228782288 0.18798955613577023 0.14538745387453875
52 0.2402088772845953 0.20184501845018452 0.1227154046997389 0.08782287822878229
52 0.7637075718015666 0.2011070110701107 0.1227154046997389 0.08634686346863468
185 0.7617493472584856 0.14797047970479704 0.1475195822454308 0.025830258302583026
185 0.2402088772845953 0.14723247232472325 0.14882506527415143 0.025830258302583026
158 0.2310704960835509 0.1797047970479705 0.06527415143603134 0.043542435424354244
158 0.7526109660574413 0.18044280442804428 0.07180156657963446 0.045018450184501846
105 0.4980417754569191 0.12103321033210332 0.18929503916449086 0.12398523985239852
136 0.6612271540469974 0.3236162361623616 0.0926892950391645 0.04649446494464945
126 0.7317232375979112 0.31845018450184504 0.08224543080939947 0.07158671586715867
176 0.39099216710182766 0.26678966789667896 0.12140992167101827 0.07306273062730627
176 0.6560052219321149 0.23357933579335793 0.12663185378590078 0.05830258302583026
87 0.5228459530026109 0.25940959409594094 0.13446475195822455 0.09225092250922509
180 0.5848563968668408 0.3132841328413284 0.06005221932114883 0.05830258302583026
180 0.5900783289817232 0.2745387453874539 0.06527415143603134 0.05608856088560885
136 0.6951697127937336 0.34391143911439115 0.0926892950391645 0.04428044280442804