52 0.24151436031331594 0.2014760147601476 0.1227154046997389 0.08560885608856089
52 0.7643603133159269 0.2014760147601476 0.12140992167101827 0.08560885608856089
185 0.239556135770235 0.14723247232472325 0.1475195822454308 0.025830258302583026
185 0.7630548302872062 0.14686346863468636 0.1475195822454308 0.025092250922509225
105 0.49673629242819844 0.12066420664206642 0.18407310704960836 0.12472324723247233
144 0.2402088772845953 0.6132841328413284 0.1514360313315927 0.08560885608856089
144 0.7630548302872062 0.6121771217712177 0.1475195822454308 0.08782287822878229
146 0.762402088772846 0.6284132841328414 0.14882506527415143 0.024354243542435424
140 0.5045691906005222 0.6881918819188192 0.18929503916449086 0.11143911439114391
158 0.2297650130548303 0.181549815498155 0.07049608355091384 0.045756457564575644
158 0.7539164490861618 0.18007380073800738 0.06919060052219321 0.042804428044280446
15 0.31201044386422977 0.8819188191881919 0.18798955613577023 0.14760147601476015
169 0.5006527415143603 0.8822878228782288 0.1919060052219321 0.14833948339483394
2 0.6873368146214099 0.8830258302583026 0.1866840731070496 0.14833948339483394
150 0.8746736292428199 0.8833948339483395 0.1906005221932115 0.14760147601476015
44 0.6161879895561357 0.9763837638376384 0.7075718015665796 0.03985239852398524
161 0.09399477806788512 0.9608856088560885 0.0783289817232376 0.05904059040590406
146 0.23890339425587467 0.629520295202952 0.1514360313315927 0.025092250922509225
177 0.7343342036553525 0.45461254612546126 0.16840731070496084 0.08708487084870849
154 0.27284595300261094 0.34538745387453873 0.06005221932114883 0.07232472324723248
133 0.2904699738903394 0.23948339483394834 0.08746736292428199 0.07896678966789668
148 0.8054830287206266 0.23726937269372694 0.0783289817232376 0.07896678966789668
13 0.8080939947780679 0.3682656826568266 0.0783289817232376 0.028044280442804426
13 0.8466057441253264 0.4084870848708487 0.07180156657963446 0.033210332103321034
152 0.10639686684073107 0.12398523985239852 0.13446475195822455 0.08560885608856089
13 0.8805483028720626 0.25904059040590405 0.04569190600522193 0.03099630996309963
13 0.7597911227154047 0.23099630996309964 0.06527415143603134 0.028044280442804426
178 0.7486945169712794 0.48118081180811806 0.3772845953002611 0.17416974169741697
174 0.641644908616188 0.4398523985239852 0.050913838120104436 0.041328413284132844
174 0.6821148825065274 0.3811808118081181 0.050913838120104436 0.03911439114391144
174 0.8009138381201044 0.4066420664206642 0.04569190600522193 0.041328413284132844