38 0.7356396866840731 0.48966789667896676 0.16318537859007834 0.0981549815498155
44 0.6176631853785901 0.9760147601476015 0.7065926892950392 0.04059040590405904
8 0.3113577023498694 0.8822140221402215 0.1866840731070496 0.14819926199261987
15 0.5 0.8821476014760147 0.18798955613577023 0.14833948339483394
150 0.6879895561357703 0.8814095940959409 0.185378590078329 0.14833948339483394
160 0.8766318537859008 0.8817785977859778 0.18929503916449086 0.14907749077490776
144 0.23694516971279372 0.6109298892988929 0.1475195822454308 0.08708487084870849
145 0.7591383812010444 0.6194169741697416 0.15013054830287206 0.07896678966789668
146 0.23694516971279372 0.6286420664206641 0.1475195822454308 0.023616236162361623
105 0.49869451697127937 0.12177121771217712 0.19321148825065274 0.12250922509225093
52 0.2362924281984334 0.2011070110701107 0.12532637075718014 0.09225092250922509
52 0.7597911227154047 0.1988929889298893 0.1279373368146214 0.0907749077490775
158 0.2297650130548303 0.17638376383763837 0.0731070496083551 0.03690036900369004
185 0.23825065274151436 0.14428044280442803 0.1475195822454308 0.025830258302583026
185 0.7604438642297651 0.14391143911439114 0.1475195822454308 0.025092250922509225
140 0.5071801566579635 0.6881918819188192 0.1814621409921671 0.11291512915129151
170 0.09399477806788512 0.9618081180811808 0.08093994778067885 0.05830258302583026
93 0.693864229765013 0.6151291512915129 0.08224543080939947 0.04797047970479705
158 0.7617493472584856 0.17601476014760148 0.07441253263707572 0.037638376383763834
192 0.28133159268929503 0.24760147601476015 0.0926892950391645 0.07453874538745388
143 0.26174934725848564 0.3675276752767528 0.12663185378590078 0.07527675276752767
174 0.7369451697127938 0.4151291512915129 0.048302872062663184 0.037638376383763834
93 0.7271540469973891 0.6 0.0783289817232376 0.041328413284132844
135 0.6873368146214099 0.5199261992619926 0.07180156657963446 0.06420664206642067
186 0.6527415143603134 0.27232472324723245 0.06266318537859007 0.05461254612546126
142 0.6984334203655352 0.6199261992619927 0.06266318537859007 0.041328413284132844
142 0.7643603133159269 0.618450184501845 0.07702349869451697 0.047232472324723246
142 0.8067885117493473 0.6055350553505535 0.07571801566579635 0.04206642066420664
147 0.6501305483028721 0.6129151291512915 0.08877284595300261 0.08929889298892989
139 0.4993472584856397 0.7590405904059041 0.20496083550913838 0.03025830258302583