16 0.094177545691906 0.9615202952029519 0.0801958224543081 0.05904059040590406
44 0.615443864229765 0.9768044280442804 0.7049608355091384 0.041114391143911466
40 0.3114490861618799 0.8819188191881919 0.19395561357702354 0.14654612546125473
2 0.49981723237597914 0.8834981549815499 0.18650130548302873 0.14549077490774898
160 0.6872454308093994 0.8819188191881919 0.1846344647519583 0.14654612546125473
150 0.8746736292428199 0.8819188191881919 0.18650130548302887 0.14865682656826557
140 0.5072715404699739 0.6889815498154982 0.18650130548302873 0.10859040590405912
144 0.24058746736292427 0.6125461254612546 0.14546997389033944 0.08645018450184509
144 0.7637075718015666 0.6130701107011071 0.13986945169712806 0.08539483394833951
146 0.23953002610966057 0.6283616236162362 0.15083550913838123 0.023195571955719606
146 0.7645300261096606 0.6277712177121771 0.14197127937336815 0.023062730627306273
136 0.25118798955613575 0.2799188191881919 0.08509138381201045 0.03426568265682653
166 0.19488250652741515 0.35997785977859775 0.07879895561357704 0.08684870848708492
166 0.29467362924281987 0.3141180811808118 0.0899869451697128 0.06997785977859775
166 0.3109921671018277 0.34647232472324724 0.08625326370757179 0.08671586715867159
166 0.7189425587467363 0.30864944649446496 0.0871932114882506 0.08724723247232474
166 0.7970365535248042 0.3104280442804428 0.0881201044386423 0.08420664206642069
52 0.24151436031331594 0.20018450184501846 0.1272845953002611 0.08856088560885608
52 0.7637075718015666 0.19972693726937268 0.12402088772845953 0.09132841328413284
52 0.23988250652741513 0.14391143911439114 0.14360313315926893 0.025830258302583026
52 0.7628981723237598 0.1434538745387454 0.1452349869451697 0.024907749077490774
121 0.27218015665796347 0.22891512915129153 0.17134464751958225 0.0859261992619926
158 0.23009138381201044 0.17574169741697418 0.07180156657963446 0.03782287822878229
158 0.7539164490861618 0.1752767527675277 0.07180156657963446 0.03874538745387454
135 0.6527415143603134 0.5498154981549815 0.08206266318537854 0.04322509225092246
131 0.6583420365535247 0.2735940959409594 0.07832898172323752 0.06430996309963098
147 0.3198433420365535 0.5809151291512915 0.10257180156657959 0.05482656826568263
142 0.6434203655352481 0.6136014760147601 0.06340731070496082 0.04217712177121778
142 0.6695169712793734 0.5867158671586716 0.06340731070496082 0.0390036900369003
142 0.6872454308093994 0.609380073800738 0.057819843342036506 0.03795571955719562
136 0.2474543080939948 0.3094391143911439 0.08509138381201045 0.03847970479704796
105 0.5026109660574413 0.11966051660516604 0.192088772845953 0.12335055350553505