9 0.09325065274151437 0.9620516605166051 0.0783289817232376 0.06221402214022154
15 0.3133159268929504 0.8814022140221401 0.19022193211488256 0.14760147601476015
128 0.49981723237597914 0.8829815498154981 0.19022193211488256 0.15076752767527674
160 0.6872454308093994 0.8814022140221401 0.1846344647519583 0.14549077490774898
169 0.8728067885117494 0.8814022140221401 0.19022193211488256 0.14549077490774898
44 0.6173107049608355 0.9747084870848709 0.7049608355091384 0.03690036900369004
140 0.5063446475195823 0.6905756457564576 0.18090078328981715 0.1117564575645757
144 0.24058746736292427 0.6146642066420664 0.14920365535248045 0.08434686346863465
144 0.7627806788511748 0.6141328413284133 0.14920365535248037 0.08539483394833951
146 0.24058746736292427 0.6278450184501845 0.14920365535248045 0.02635424354243545
146 0.7618407310704961 0.6288929889298893 0.15105744125326376 0.024250922509225017
174 0.7944778067885118 0.3379040590405904 0.0484986945169714 0.032678966789667876
174 0.7991514360313315 0.3669077490774908 0.046618798955613626 0.03795571955719553
25 0.5240600522193212 0.26620664206642064 0.11189295039164496 0.08539483394833951
27 0.21819843342036552 0.19030258302583028 0.10443864229765012 0.06220664206642066
27 0.7394647519582245 0.18977121771217711 0.11003916449086157 0.06325461254612547
52 0.24244125326370758 0.19557195571955718 0.16784595300261096 0.11491512915129154
52 0.7637075718015666 0.19609594095940958 0.16971279373368145 0.11386715867158669
95 0.1855744125326371 0.44174907749077497 0.06527415143603134 0.07380073800738007
95 0.22381201044386423 0.41592619926199265 0.06712793733681464 0.0643173431734318
185 0.24151436031331594 0.12598523985239854 0.14733681462140993 0.02635424354243541
185 0.7627806788511748 0.12598523985239854 0.1454699738903395 0.02635424354243541
183 0.8550913838120104 0.11702583025830257 0.10257180156657955 0.08223616236162362
105 0.5026109660574413 0.11913653136531366 0.1846344647519583 0.12440590405904059
95 0.21819843342036552 0.3932546125461255 0.05968668407310709 0.0632546125461255
80 0.696579634464752 0.23247232472324722 0.05407310704960845 0.03690036900369004
80 0.7161618798955615 0.2556678966789668 0.05221932114882506 0.041114391143911466
174 0.17157963446475197 0.5529815498154981 0.048485639686684054 0.03057564575645761
174 0.18276762402088773 0.5809151291512915 0.044751958224543066 0.03795571955719562
174 0.22566579634464753 0.5624649446494465 0.037297650130548296 0.02214022140221402
174 0.29467362924281987 0.5814464944649447 0.04476501305483031 0.02635424354243545
174 0.2862793733681462 0.5592988929889299 0.04661879895561355 0.02635424354243545
174 0.21074412532637077 0.545070110701107 0.05221932114882506 0.03373431734317346
174 0.8504308093994778 0.1881918819188192 0.03356396866840736 0.030575645756457548
174 0.8476370757180156 0.21560885608856087 0.0391644908616188 0.03268634686346861
183 0.38138381201044386 0.26726199261992617 0.11003916449086161 0.08329151291512916
80 0.6713968668407311 0.21296678966789667 0.04848563968668413 0.04006642066420662
174 0.3114490861618799 0.3247232472324723 0.037297650130548296 0.03795571955719553
174 0.3478198433420366 0.3120738007380074 0.04289817232375981 0.03795571955719553
122 0.5249869451697128 0.04374907749077491 0.09138381201044386 0.06010332103321033