52 0.24151436031331594 0.2014760147601476 0.1227154046997389 0.08560885608856089
52 0.7643603133159269 0.2014760147601476 0.12140992167101827 0.08560885608856089
185 0.239556135770235 0.14723247232472325 0.1475195822454308 0.025830258302583026
185 0.7630548302872062 0.14686346863468636 0.1475195822454308 0.025092250922509225
105 0.49673629242819844 0.12066420664206642 0.18407310704960836 0.12472324723247233
144 0.2402088772845953 0.6132841328413284 0.1514360313315927 0.08560885608856089
144 0.7630548302872062 0.6121771217712177 0.1475195822454308 0.08782287822878229
146 0.762402088772846 0.6284132841328414 0.14882506527415143 0.024354243542435424
140 0.5045691906005222 0.6881918819188192 0.18929503916449086 0.11143911439114391
158 0.2297650130548303 0.181549815498155 0.07049608355091384 0.045756457564575644
158 0.7539164490861618 0.18007380073800738 0.06919060052219321 0.042804428044280446
15 0.31201044386422977 0.8819188191881919 0.18798955613577023 0.14760147601476015
169 0.5006527415143603 0.8822878228782288 0.1919060052219321 0.14833948339483394
2 0.6873368146214099 0.8830258302583026 0.1866840731070496 0.14833948339483394
150 0.8746736292428199 0.8833948339483395 0.1906005221932115 0.14760147601476015
44 0.6161879895561357 0.9763837638376384 0.7075718015665796 0.03985239852398524
161 0.09399477806788512 0.9608856088560885 0.0783289817232376 0.05904059040590406
146 0.23890339425587467 0.629520295202952 0.1514360313315927 0.025092250922509225
177 0.7030026109660574 0.2907749077490775 0.17101827676240208 0.0974169741697417
80 0.19973890339425587 0.56309963099631 0.06527415143603134 0.026568265682656828
142 0.13838120104438642 0.5845018450184502 0.057441253263707574 0.03837638376383764
142 0.25783289817232374 0.5937269372693726 0.0639686684073107 0.03616236162361624
142 0.1821148825065274 0.5929889298892989 0.0587467362924282 0.03911439114391144
119 0.2297650130548303 0.41697416974169743 0.1122715404699739 0.08560885608856089
133 0.39490861618798956 0.1011070110701107 0.0639686684073107 0.07232472324723248
80 0.25326370757180156 0.5608856088560885 0.04960835509138381 0.026568265682656828