143 0.16318537859007834 0.6088560885608856 0.13577023498694518 0.09003690036900369
44 0.6176631853785901 0.9760147601476015 0.7065926892950392 0.04059040590405904
8 0.3113577023498694 0.8822140221402215 0.1866840731070496 0.14819926199261987
15 0.5 0.8821476014760147 0.18798955613577023 0.14833948339483394
160 0.6879895561357703 0.8814095940959409 0.185378590078329 0.14833948339483394
40 0.8766318537859008 0.8817785977859778 0.18929503916449086 0.14907749077490776
144 0.23694516971279372 0.6109298892988929 0.1475195822454308 0.08708487084870849
144 0.7617493472584856 0.6131439114391144 0.14490861618798956 0.08560885608856089
146 0.23694516971279372 0.6286420664206641 0.1475195822454308 0.023616236162361623
105 0.49869451697127937 0.12177121771217712 0.19321148825065274 0.12250922509225093
52 0.2362924281984334 0.2011070110701107 0.12532637075718014 0.09225092250922509
52 0.7597911227154047 0.1988929889298893 0.1279373368146214 0.0907749077490775
28 0.24151436031331594 0.17158671586715868 0.09138381201044386 0.05092250922509225
185 0.23825065274151436 0.13690036900369004 0.1475195822454308 0.025830258302583026
185 0.7604438642297651 0.13726937269372694 0.1475195822454308 0.025092250922509225
140 0.5071801566579635 0.6881918819188192 0.1814621409921671 0.11291512915129151
128 0.09399477806788512 0.9618081180811808 0.08093994778067885 0.05830258302583026
28 0.7630548302872062 0.17121771217712178 0.08746736292428199 0.05018450184501845
146 0.7617493472584856 0.6287822878228783 0.1475195822454308 0.02214022140221402
80 0.23890339425587467 0.6468634686346864 0.057441253263707574 0.04944649446494465
155 0.47780678851174935 0.5188191881918819 0.33159268929503916 0.15350553505535056
124 0.8505221932114883 0.5937269372693726 0.097911227154047 0.06715867158671587
147 0.8439947780678851 0.6512915129151291 0.09007832898172324 0.061254612546125464