160 0.3125065274151436 0.8788782287822879 0.19092689295039164 0.1411439114391144
40 0.6870104438642297 0.8823837638376385 0.1860313315926893 0.1466789667896679
150 0.8763054830287206 0.8828413284132841 0.18276762402088773 0.14760147601476015
169 0.495757180156658 0.8833062730627307 0.1866840731070496 0.1466789667896679
3 0.09383812010443864 0.9515719557195573 0.07996083550913838 0.03782287822878229
137 0.24738903394255873 0.3051660516605166 0.07506527415143603 0.09335793357933579
144 0.23988250652741513 0.6134686346863468 0.15339425587467362 0.09040590405904059
144 0.761266318537859 0.6157785977859779 0.1452349869451697 0.08763837638376384
146 0.2423368146214099 0.6277712177121771 0.15176240208877284 0.024907749077490774
146 0.7637075718015666 0.6277712177121771 0.15013054830287206 0.026752767527675275
107 0.5 0.023985239852398525 0.20887728459530025 0.03468634686346864
105 0.5006527415143603 0.12066420664206642 0.1866840731070496 0.12029520295202951
52 0.7610966057441253 0.1970479704797048 0.17232375979112272 0.11955719557195572
28 0.7630548302872062 0.1752767527675277 0.08224543080939947 0.05830258302583026
185 0.7637075718015666 0.11771217712177122 0.1514360313315927 0.028782287822878228
53 0.23825065274151436 0.2140221402214022 0.15796344647519583 0.07380073800738007
140 0.5078328981723238 0.6863468634686347 0.1906005221932115 0.11660516605166052
139 0.49738903394255873 0.7590405904059041 0.21148825065274152 0.033210332103321034
142 0.2950391644908616 0.2952029520295203 0.06266318537859007 0.03985239852398524
142 0.29960835509138384 0.26789667896678965 0.06657963446475196 0.041328413284132844
44 0.6207571801566579 0.9752767527675277 0.7088772845953003 0.04206642066420664
135 0.7056135770234987 0.26309963099630995 0.09530026109660575 0.061254612546125464
100 0.260443864229765 0.20474538745387455 0.11879895561357702 0.05988191881918818
20 0.8335509138381201 0.211070110701107 0.048302872062663184 0.06642066420664207
17 0.6951697127937336 0.22767527675276752 0.07180156657963446 0.06420664206642067
13 0.2565274151436031 0.2070110701107011 0.04308093994778068 0.03025830258302583
13 0.1422976501305483 0.16715867158671588 0.06266318537859007 0.03616236162361624
13 0.1866840731070496 0.14538745387453875 0.033942558746736295 0.03247232472324723
13 0.25522193211488253 0.16826568265682657 0.04046997389033943 0.03099630996309963
13 0.1919060052219321 0.1922509225092251 0.04699738903394256 0.033210332103321034