52 0.2454308093994778 0.203690036900369 0.1671018276762402 0.11808118081180811
185 0.24608355091383813 0.13210332103321032 0.1475195822454308 0.025092250922509225
52 0.7558746736292428 0.2044280442804428 0.1671018276762402 0.11808118081180811
105 0.5013054830287206 0.12730627306273062 0.18276762402088773 0.12177121771217712
145 0.2439686684073107 0.6239852398523985 0.1445822454308094 0.06900369003690036
185 0.7591383812010444 0.13210332103321032 0.15013054830287206 0.026568265682656828
145 0.7552219321148825 0.6247232472324723 0.1475195822454308 0.06863468634686347
141 0.5006527415143603 0.6819188191881919 0.20234986945169714 0.12546125461254612
80 0.4069843342036554 0.6599630996309963 0.044386422976501305 0.03247232472324723
80 0.38609660574412535 0.6824723247232473 0.044386422976501305 0.042804428044280446
80 0.4148172323759791 0.7012915129151291 0.04960835509138381 0.04944649446494465
39 0.3785900783289817 0.6098745387453874 0.054177545691906005 0.06070110701107011
180 0.6751044386422976 0.5466789667896679 0.06886422976501305 0.05904059040590406
180 0.3560704960835509 0.5332029520295203 0.05221932114882506 0.04907749077490775
180 0.3945822454308094 0.5519409594095941 0.05613577023498695 0.0533210332103321
180 0.32278067885117495 0.5524870848708487 0.057441253263707574 0.052583025830258305
180 0.7878590078328982 0.5892988929889299 0.06919060052219321 0.05682656826568266
64 0.589425587467363 0.6697416974169742 0.04046997389033943 0.045018450184501846
174 0.7317232375979112 0.5306273062730628 0.04308093994778068 0.042804428044280446
71 0.337467362924282 0.596309963099631 0.048302872062663184 0.053136531365313655
174 0.7251958224543081 0.5523985239852398 0.05352480417754569 0.04206642066420664
174 0.72911227154047 0.5051660516605166 0.06135770234986945 0.037638376383763834
101 0.2565274151436031 0.5011070110701107 0.0639686684073107 0.05608856088560885
80 0.4386422976501306 0.6409594095940959 0.05221932114882506 0.03468634686346864
64 0.5744125326370757 0.7143911439114391 0.05483028720626632 0.04870848708487085
64 0.6050913838120104 0.6992619926199262 0.04308093994778068 0.05239852398523985
64 0.5580939947780679 0.6878228782287823 0.030026109660574413 0.03985239852398524
64 0.5704960835509139 0.6501845018450184 0.031331592689295036 0.045756457564575644
158 0.24151436031331594 0.18450184501845018 0.069621409921671 0.04182287822878228
158 0.7517362924281985 0.1820442804428044 0.06745430809399487 0.03935793357933578