2 0.3125065274151436 0.8814612546125462 0.18766318537859009 0.14852398523985239
51 0.5001697127937337 0.8814612546125462 0.19092689295039164 0.14852398523985239
40 0.6899477806788512 0.8819188191881919 0.18929503916449086 0.14760147601476015
137 0.8746736292428199 0.8819188191881919 0.18276762402088773 0.14760147601476015
151 0.09464751958224543 0.9612546125461254 0.08485639686684072 0.05719557195571956
44 0.6168407310704961 0.976479704797048 0.7114882506527415 0.03966789667896679
144 0.2410313315926893 0.6130996309963099 0.14849869451697129 0.08487084870848709
144 0.7622454308093994 0.6112546125461255 0.1491514360313316 0.08597785977859779
140 0.505065274151436 0.6872693726937269 0.19092689295039164 0.11254612546125461
52 0.2327023498694517 0.1992619926199262 0.13838120104438642 0.09225092250922509
52 0.755065274151436 0.19972693726937268 0.14131853785900783 0.09132841328413284
185 0.23988250652741513 0.14428044280442803 0.1468668407310705 0.025092250922509225
185 0.7637075718015666 0.14391143911439114 0.1468668407310705 0.023985239852398525
27 0.21638381201044388 0.18874538745387454 0.1077023498694517 0.06088560885608856
27 0.7390731070496084 0.1881918819188192 0.1054177545691906 0.06420664206642067
105 0.5034334203655353 0.12177121771217712 0.19745430809399478 0.12361623616236163
146 0.239556135770235 0.6284132841328414 0.1475195822454308 0.022878228782287822
146 0.7617493472584856 0.6284132841328414 0.1475195822454308 0.021402214022140223
26 0.7343342036553525 0.3881918819188192 0.11096605744125326 0.07380073800738007
22 0.206266318537859 0.34760147601476016 0.10443864229765012 0.0988929889298893
123 0.27219321148825065 0.3385092250922509 0.12140992167101827 0.12102583025830255
143 0.7127937336814621 0.45239852398523983 0.13577023498694518 0.08560885608856089
147 0.28655352480417756 0.44575645756457566 0.08746736292428199 0.05904059040590406
135 0.40143603133159267 0.614760147601476 0.07702349869451697 0.04428044280442804
142 0.20887728459530025 0.45977859778597785 0.06266318537859007 0.041328413284132844
142 0.2454308093994778 0.45202952029520294 0.06005221932114883 0.04649446494464945
94 0.5215404699738904 0.5191881918819188 0.38511749347258484 0.17638376383763837
174 0.6383812010443864 0.44723247232472324 0.033942558746736295 0.03985239852398524
174 0.6827676240208878 0.492619926199262 0.04177545691906005 0.03911439114391144
174 0.391644908616188 0.4653136531365314 0.044386422976501305 0.03911439114391144