3 0.09464751958224543 0.9616236162361623 0.08224543080939947 0.05904059040590406
15 0.3133159268929504 0.8826568265682657 0.1906005221932115 0.14760147601476015
169 0.5 0.8826568265682657 0.18798955613577023 0.14612546125461254
128 0.6879895561357703 0.8833948339483395 0.19321148825065274 0.14612546125461254
51 0.8759791122715405 0.8833948339483395 0.18276762402088773 0.14612546125461254
140 0.5039164490861618 0.688929889298893 0.18798955613577023 0.1099630996309963
139 0.49869451697127937 0.7590405904059041 0.20887728459530025 0.033210332103321034
174 0.5672323759791122 0.7269372693726938 0.04569190600522193 0.03690036900369004
174 0.5469973890339426 0.6350553505535055 0.0391644908616188 0.028782287822878228
174 0.6403394255874674 0.6583025830258302 0.03263707571801567 0.03247232472324723
143 0.664490861618799 0.685239852398524 0.13577023498694518 0.07453874538745388
80 0.741514360313316 0.6369003690036901 0.06266318537859007 0.042804428044280446
80 0.7049608355091384 0.6125461254612546 0.05483028720626632 0.03837638376383764
135 0.412532637075718 0.6586715867158671 0.044386422976501305 0.04206642066420664
122 0.6618798955613577 0.5047970479704798 0.09399477806788512 0.07822878228782287
174 0.7238903394255874 0.5313653136531366 0.04569190600522193 0.03837638376383764
174 0.7349869451697127 0.5007380073800738 0.057441253263707574 0.033210332103321034
95 0.7186684073107049 0.3 0.0639686684073107 0.07158671586715867
95 0.7513054830287206 0.3372693726937269 0.07180156657963446 0.07380073800738007
95 0.7741514360313316 0.303690036900369 0.057441253263707574 0.07453874538745388
44 0.6168407310704961 0.9756974169741697 0.7088772845953003 0.03995571955719548
25 0.856396866840731 0.11512915129151291 0.10704960835509138 0.08265682656826569
147 0.26240208877284593 0.24501845018450186 0.10443864229765012 0.08856088560885608
122 0.379242819843342 0.24059040590405903 0.09007832898172324 0.07822878228782287
52 0.2402088772845953 0.1970479704797048 0.16971279373368145 0.11660516605166052
53 0.7578328981723238 0.2177121771217712 0.15274151436031333 0.06789667896678966
185 0.24086161879895562 0.12730627306273062 0.15013054830287206 0.02730627306273063
107 0.49673629242819844 0.030627306273062732 0.20757180156657964 0.03468634686346864
105 0.5006527415143603 0.11512915129151291 0.1866840731070496 0.13431734317343175
145 0.7617493472584856 0.6243542435424354 0.1475195822454308 0.07527675276752767
145 0.239556135770235 0.6265682656826568 0.15013054830287206 0.07380073800738007
27 0.21801566579634465 0.18302583025830257 0.1122715404699739 0.05166051660516605