44 0.6181462140992167 0.9767527675276753 0.706266318537859 0.04059040590405904
160 0.31201044386422977 0.8822878228782288 0.1906005221932115 0.14686346863468636
150 0.4993472584856397 0.8845018450184502 0.18407310704960836 0.14391143911439114
51 0.6873368146214099 0.8833948339483395 0.1866840731070496 0.14464944649446496
40 0.8740208877284595 0.8837638376383764 0.18929503916449086 0.14833948339483394
129 0.09530026109660575 0.9612546125461254 0.0835509138381201 0.05977859778597786
144 0.24151436031331594 0.6132841328413284 0.14882506527415143 0.08708487084870849
144 0.7617493472584856 0.6125461254612546 0.15013054830287206 0.08856088560885608
146 0.2402088772845953 0.6291512915129152 0.14882506527415143 0.024354243542435424
146 0.7610966057441253 0.6280442804428045 0.1514360313315927 0.023616236162361623
140 0.5058746736292428 0.6892988929889299 0.18929503916449086 0.11070110701107011
52 0.24086161879895562 0.20184501845018452 0.12924281984334204 0.08487084870848709
52 0.7637075718015666 0.2025830258302583 0.12532637075718014 0.08634686346863468
185 0.762402088772846 0.14797047970479704 0.1462140992167102 0.02730627306273063
185 0.24086161879895562 0.14760147601476015 0.1475195822454308 0.026568265682656828
105 0.4960835509138381 0.11992619926199262 0.1906005221932115 0.12472324723247233
132 0.5248041775456919 0.2701107011070111 0.10443864229765012 0.06937269372693727
142 0.28133159268929503 0.28376383763837637 0.0587467362924282 0.04649446494464945
98 0.793733681462141 0.5564575645756458 0.11488250652741515 0.047232472324723246
32 0.7643603133159269 0.5306273062730628 0.1031331592689295 0.07822878228782287
173 0.7284595300261096 0.4782287822878229 0.14882506527415143 0.08265682656826569
132 0.3785900783289817 0.2693726937269373 0.10704960835509138 0.06937269372693727
137 0.6488250652741514 0.5523985239852398 0.13054830287206268 0.0981549815498155
147 0.8590078328981723 0.5542435424354244 0.08093994778067885 0.05904059040590406