44 0.6194516971279374 0.9760147601476015 0.706266318537859 0.04206642066420664
129 0.09464751958224543 0.9605166051660516 0.08224543080939947 0.05977859778597786
160 0.3133159268929504 0.8819188191881919 0.18276762402088773 0.14612546125461254
150 0.49869451697127937 0.8822878228782288 0.18798955613577023 0.14686346863468636
51 0.6879895561357703 0.8822878228782288 0.19321148825065274 0.14686346863468636
15 0.8753263707571801 0.881549815498155 0.1866840731070496 0.14686346863468636
140 0.5032637075718016 0.6900369003690037 0.19451697127937337 0.11070110701107011
144 0.2402088772845953 0.6143911439114391 0.15404699738903394 0.0907749077490775
144 0.7617493472584856 0.614760147601476 0.15535248041775457 0.0929889298892989
146 0.23825065274151436 0.629520295202952 0.15274151436031333 0.028044280442804426
146 0.7610966057441253 0.6280442804428045 0.15404699738903394 0.026568265682656828
52 0.762402088772846 0.19557195571955718 0.17232375979112272 0.11660516605166052
52 0.23890339425587467 0.1959409594095941 0.17493472584856398 0.11734317343173432
185 0.23890339425587467 0.12398523985239852 0.14882506527415143 0.028044280442804426
185 0.7630548302872062 0.12398523985239852 0.15013054830287206 0.028044280442804426
105 0.5019582245430809 0.11955719557195572 0.18929503916449086 0.12250922509225093
30 0.24216710182767623 0.17158671586715868 0.06657963446475196 0.05830258302583026
30 0.7656657963446475 0.17158671586715868 0.06657963446475196 0.055350553505535055
31 0.23890339425587467 0.09667896678966789 0.1462140992167102 0.028044280442804426
31 0.7630548302872062 0.096309963099631 0.14490861618798956 0.025830258302583026
108 0.7460835509138382 0.5439114391143911 0.09007832898172324 0.05608856088560885
23 0.8126631853785901 0.5627306273062731 0.09007832898172324 0.06568265682656826
0 0.7434725848563969 0.44649446494464945 0.04308093994778068 0.04428044280442804
0 0.25326370757180156 0.4321033210332103 0.06005221932114883 0.05239852398523985
139 0.4993472584856397 0.7597785977859779 0.20757180156657964 0.033210332103321034
66 0.27872062663185376 0.29298892988929887 0.097911227154047 0.08856088560885608
108 0.8002610966057441 0.45904059040590406 0.10704960835509138 0.06494464944649446
66 0.7238903394255874 0.3162361623616236 0.10052219321148825 0.08634686346863468
147 0.7095300261096605 0.5564575645756458 0.07180156657963446 0.057564575645756455
24 0.19386422976501305 0.5627306273062731 0.07180156657963446 0.03911439114391144
24 0.24804177545691905 0.5583025830258302 0.04960835509138381 0.03173431734317343