141 0.49673629242819844 0.688929889298893 0.1866840731070496 0.11143911439114391
145 0.23759791122715404 0.6276752767527676 0.14882506527415143 0.07011070110701106
145 0.7578328981723238 0.6261992619926199 0.15013054830287206 0.07306273062730627
52 0.239556135770235 0.2022140221402214 0.12402088772845953 0.08708487084870849
52 0.7630548302872062 0.2022140221402214 0.12663185378590078 0.08708487084870849
158 0.23302872062663185 0.18081180811808117 0.07180156657963446 0.04428044280442804
158 0.7539164490861618 0.18081180811808117 0.07180156657963446 0.045756457564575644
105 0.4980417754569191 0.11992619926199262 0.1866840731070496 0.12619926199261994
185 0.762402088772846 0.14797047970479704 0.14882506527415143 0.02730627306273063
185 0.24151436031331594 0.14870848708487086 0.14882506527415143 0.02730627306273063
48 0.6050913838120104 0.6649446494464945 0.05352480417754569 0.035424354243542434
134 0.2630548302872063 0.5409594095940959 0.07441253263707572 0.06937269372693727
112 0.3087467362924282 0.5295202952029521 0.07963446475195822 0.05830258302583026
114 0.36096605744125326 0.6121771217712177 0.13185378590078328 0.07601476014760147
48 0.5522193211488251 0.6413284132841328 0.0391644908616188 0.03099630996309963
48 0.543733681462141 0.6612546125461255 0.048302872062663184 0.035424354243542434