8 0.3125065274151436 0.8809963099630996 0.19092689295039164 0.14944649446494465
2 0.5001697127937337 0.8823837638376385 0.19419060052219322 0.14852398523985239
52 0.24281984334203655 0.1970479704797048 0.1671018276762402 0.11808118081180811
15 0.6878328981723237 0.8823837638376385 0.19092689295039164 0.1448339483394834
40 0.8730548302872062 0.8810036900369004 0.19255874673629242 0.14575645756457564
170 0.09383812010443864 0.9607970479704798 0.07996083550913838 0.061808118081180814
185 0.24151436031331594 0.12546125461254612 0.14882506527415143 0.025092250922509225
52 0.762402088772846 0.196309963099631 0.1671018276762402 0.11808118081180811
105 0.5026109660574413 0.12066420664206642 0.18276762402088773 0.12177121771217712
145 0.23874673629242818 0.6247232472324723 0.15502610966057442 0.07047970479704797
185 0.7604438642297651 0.12472324723247233 0.15274151436031333 0.026568265682656828
145 0.7604438642297651 0.6269372693726937 0.15796344647519583 0.07306273062730627
139 0.49869451697127937 0.7597785977859779 0.21148825065274152 0.033210332103321034
140 0.4980417754569191 0.6896678966789668 0.20757180156657964 0.1099630996309963
80 0.3162532637075718 0.6488929889298893 0.05613577023498695 0.042804428044280446
80 0.34236292428198434 0.6691881918819188 0.0587467362924282 0.042804428044280446
80 0.39327676240208875 0.672509225092251 0.05352480417754569 0.04944649446494465
39 0.28067885117493474 0.5584870848708487 0.06723237597911227 0.06162361623616236
180 0.6751044386422976 0.5466789667896679 0.06886422976501305 0.05904059040590406
180 0.3560704960835509 0.5332029520295203 0.05221932114882506 0.04907749077490775
180 0.3945822454308094 0.5519409594095941 0.05613577023498695 0.0533210332103321
180 0.3221279373368146 0.5510110701107012 0.05352480417754569 0.0511070110701107
180 0.7878590078328982 0.5892988929889299 0.06919060052219321 0.05682656826568266
64 0.5920365535248042 0.6726937269372694 0.04046997389033943 0.045018450184501846
174 0.7212793733681462 0.4088560885608856 0.04308093994778068 0.042804428044280446
71 0.24869451697127937 0.45092250922509225 0.048302872062663184 0.047232472324723246
174 0.7539164490861618 0.4269372693726937 0.05352480417754569 0.04206642066420664
174 0.7513054830287206 0.3892988929889299 0.06135770234986945 0.037638376383763834
101 0.2734986945169713 0.34538745387453873 0.0639686684073107 0.05608856088560885
158 0.23716710182767622 0.17712177121771217 0.060926892950391665 0.04182287822878228
158 0.7571801566579635 0.17773431734317344 0.06527415143603134 0.0381328413284133
44 0.6168407310704961 0.9760147601476015 0.7049608355091384 0.03874538745387454