44 0.6194516971279374 0.9760147601476015 0.706266318537859 0.04206642066420664
129 0.09464751958224543 0.9605166051660516 0.08224543080939947 0.05977859778597786
150 0.3133159268929504 0.8819188191881919 0.18276762402088773 0.14612546125461254
160 0.49869451697127937 0.8822878228782288 0.18798955613577023 0.14686346863468636
2 0.6879895561357703 0.8822878228782288 0.19321148825065274 0.14686346863468636
51 0.8753263707571801 0.881549815498155 0.1866840731070496 0.14686346863468636
140 0.5032637075718016 0.6881918819188192 0.19451697127937337 0.11439114391143912
144 0.2402088772845953 0.6143911439114391 0.15404699738903394 0.0907749077490775
145 0.7597911227154047 0.6261992619926199 0.1514360313315927 0.07011070110701106
146 0.23825065274151436 0.629520295202952 0.15274151436031333 0.028044280442804426
52 0.762402088772846 0.19557195571955718 0.17232375979112272 0.11660516605166052
52 0.23890339425587467 0.1959409594095941 0.17493472584856398 0.11734317343173432
185 0.23890339425587467 0.12398523985239852 0.14882506527415143 0.028044280442804426
185 0.7630548302872062 0.12398523985239852 0.15013054830287206 0.028044280442804426
105 0.5019582245430809 0.11955719557195572 0.18929503916449086 0.12250922509225093
30 0.24216710182767623 0.17158671586715868 0.06657963446475196 0.05830258302583026
30 0.7656657963446475 0.17158671586715868 0.06657963446475196 0.055350553505535055
31 0.23890339425587467 0.09667896678966789 0.1462140992167102 0.028044280442804426
31 0.7630548302872062 0.096309963099631 0.14490861618798956 0.025830258302583026
139 0.4993472584856397 0.7597785977859779 0.20757180156657964 0.033210332103321034
0 0.2774151436031332 0.35424354243542433 0.05352480417754569 0.041328413284132844
127 0.40013054830287204 0.4985239852398524 0.0639686684073107 0.04944649446494465
127 0.36357702349869453 0.5077490774907749 0.0639686684073107 0.047232472324723246
127 0.3218015665796345 0.5261992619926199 0.0639686684073107 0.047232472324723246
0 0.26370757180156656 0.3841328413284133 0.06005221932114883 0.04797047970479705
59 0.2212793733681462 0.43025830258302583 0.1475195822454308 0.07822878228782287
188 0.7199738903394256 0.40811808118081183 0.06135770234986945 0.06789667896678966
188 0.7715404699738904 0.4092250922509225 0.05483028720626632 0.06420664206642067
23 0.8531331592689295 0.3025830258302583 0.10574412532637076 0.06494464944649446
135 0.32114882506527415 0.5708487084870849 0.08093994778067885 0.06273062730627306
147 0.10835509138381201 0.5476014760147602 0.09399477806788512 0.06346863468634686
138 0.4314621409921671 0.5560885608856089 0.07702349869451697 0.04797047970479705