101 0.30761096605744126 0.23201476014760147 0.06364229765013055 0.052583025830258305
96 0.7245430809399478 0.33256826568265685 0.0685378590078329 0.04151291512915129
39 0.6845691906005222 0.1674391143911439 0.06690600522193212 0.05627306273062731
180 0.34677545691906003 0.12730627306273062 0.07016971279373369 0.055350553505535055
180 0.3875718015665796 0.11254612546125461 0.06364229765013055 0.05719557195571956
180 0.5923629242819843 0.09456088560885609 0.0587467362924282 0.0544280442804428
52 0.23744125326370757 0.1974169741697417 0.1746083550913838 0.11992619926199262
52 0.7588120104438643 0.19695940959409594 0.17950391644908617 0.11900369003690037
105 0.5009791122715405 0.12223616236162362 0.18929503916449086 0.12453874538745388
144 0.24151436031331594 0.6102435424354243 0.15013054830287206 0.09870848708487084
144 0.7645300261096606 0.6116236162361623 0.14849869451697129 0.1014760147601476
140 0.5001697127937337 0.6872693726937269 0.20071801566579633 0.11439114391143912
44 0.29781984334203654 0.966789667896679 0.06690600522193212 0.02952029520295203
8 0.3116840731070496 0.8823837638376385 0.192088772845953 0.1466789667896679
2 0.4993472584856397 0.8834981549815499 0.19069190600522185 0.14812546125461257
15 0.6864360313315926 0.8825756457564576 0.18906005221932107 0.14443542435424356
40 0.8747911227154047 0.8843616236162362 0.1946605744125325 0.14641328413284124
170 0.09301566579634465 0.9607970479704798 0.08159268929503917 0.061808118081180814
146 0.23907310704960835 0.6282287822878229 0.15176240208877284 0.025830258302583026
146 0.7620757180156658 0.6282287822878229 0.1468668407310705 0.027675276752767528
185 0.23744125326370757 0.12500369003690037 0.15502610966057442 0.026752767527675275
185 0.7628981723237598 0.12408118081180812 0.14849869451697129 0.024907749077490774
158 0.2295430809399478 0.17712177121771217 0.07180156657963446 0.0393579335793358
158 0.7539164490861618 0.17588929889298893 0.08050913838120113 0.03935793357933578