174 0.4512140992167102 0.23761623616236163 0.047323759791122716 0.04151291512915129
174 0.570065274151436 0.2609889298892989 0.04032637075718014 0.038693726937269336
174 0.5981331592689295 0.23822140221402216 0.030613577023498754 0.04159409594095942
180 0.18195822454308094 0.4731439114391144 0.07343342036553525 0.059247232472324704
180 0.7406527415143603 0.4562952029520295 0.06725848563968666 0.051756457564575725
180 0.8404046997389034 0.47669372693726936 0.06201044386422976 0.059520295202952093
96 0.2796344647519582 0.2756383763837638 0.06381201044386423 0.0357343173431734
180 0.25285900783289816 0.45379335793357933 0.0618146214099217 0.04305535055350548
80 0.21323759791122715 0.45379335793357933 0.047428198433420346 0.032664206642066415
80 0.2541514360313316 0.4247380073800738 0.05997389033942559 0.03784501845018448
80 0.7856135770234987 0.4805535055350553 0.06687989556135773 0.038243542435424306
39 0.32951697127937335 0.14398523985239853 0.0689425587467363 0.04681180811808119
71 0.6680939947780679 0.19458302583025833 0.03875979112271548 0.049011070110701084
144 0.23580939947780677 0.6134686346863468 0.14849869451697129 0.09225092250922509
144 0.7626762402088774 0.6113284132841329 0.1429503916449086 0.08447232472324726
140 0.5026109660574413 0.6891143911439115 0.19255874673629242 0.11254612546125461
80 0.7914490861618799 0.4534169741697417 0.05221932114882506 0.03413284132841329
44 0.29781984334203654 0.9672546125461255 0.06364229765013055 0.03228782287822878
170 0.09464751958224543 0.9603321033210332 0.0783289817232376 0.05904059040590406
8 0.3132114882506527 0.8824428044280443 0.1909268929503916 0.14839114391143923
2 0.4993472584856397 0.8825756457564576 0.19116187989556144 0.14443542435424356
15 0.6860835509138381 0.883040590405904 0.18976501305483037 0.14535793357933582
40 0.8766579634464752 0.8834981549815499 0.19466057441253282 0.14443542435424356
52 0.23580939947780677 0.19557195571955718 0.17134464751958225 0.11808118081180811
52 0.7588120104438643 0.19511439114391144 0.1762402088772846 0.11900369003690037
105 0.4969060052219321 0.12084870848708487 0.19419060052219322 0.12546125461254612
146 0.23724543080939947 0.6278966789667897 0.15110966057441252 0.025630996309963114
146 0.7631331592689294 0.6278966789667897 0.14809399477806795 0.02733579335793355
185 0.24027415143603134 0.12259040590405905 0.14506527415143602 0.026479704797047966
185 0.7623759791122716 0.12259040590405905 0.14657963446475192 0.026479704797047966
158 0.23280678851174935 0.17650922509225092 0.06527415143603134 0.0381328413284133
158 0.7593603133159268 0.1765092250922509 0.06527415143603134 0.04059040590405902