8 0.3125065274151436 0.8809963099630996 0.19092689295039164 0.14944649446494465
2 0.5001697127937337 0.8823837638376385 0.19419060052219322 0.14852398523985239
52 0.24281984334203655 0.1970479704797048 0.1671018276762402 0.11808118081180811
15 0.6878328981723237 0.8823837638376385 0.19092689295039164 0.1448339483394834
40 0.8730548302872062 0.8810036900369004 0.19255874673629242 0.14575645756457564
170 0.09383812010443864 0.9607970479704798 0.07996083550913838 0.061808118081180814
185 0.24151436031331594 0.12546125461254612 0.14882506527415143 0.025092250922509225
52 0.762402088772846 0.196309963099631 0.1671018276762402 0.11808118081180811
105 0.5026109660574413 0.12066420664206642 0.18276762402088773 0.12177121771217712
145 0.23874673629242818 0.6217712177121771 0.15502610966057442 0.07638376383763838
185 0.7604438642297651 0.12472324723247233 0.15274151436031333 0.026568265682656828
145 0.7604438642297651 0.6269372693726937 0.15796344647519583 0.07306273062730627
139 0.49869451697127937 0.7597785977859779 0.21148825065274152 0.033210332103321034
140 0.4980417754569191 0.6896678966789668 0.20757180156657964 0.1099630996309963
80 0.19745430809399478 0.36771217712177123 0.05613577023498695 0.03247232472324723
80 0.24379895561357703 0.38800738007380076 0.057441253263707574 0.04428044280442804
80 0.19908616187989556 0.3455719557195572 0.05613577023498695 0.03468634686346864
80 0.19745430809399478 0.3950184501845018 0.0587467362924282 0.04059040590405904
39 0.2924281984334204 0.24123247232472325 0.06723237597911227 0.046678966789667896
180 0.6751044386422976 0.5481549815498155 0.06886422976501305 0.05608856088560885
64 0.7269973890339425 0.5259188191881918 0.04275456919060052 0.0514760147601476
64 0.7230809399477807 0.49290036900369005 0.044712793733681463 0.0529520295202952
180 0.24575718015665796 0.47490036900369004 0.05613577023498695 0.025461254612546124
180 0.28296344647519583 0.4958523985239852 0.05221932114882506 0.0459409594095941
180 0.2327023498694517 0.49824354243542435 0.05221932114882506 0.032656826568265684
180 0.7878590078328982 0.5892988929889299 0.06919060052219321 0.05682656826568266
80 0.3289817232375979 0.6007380073800738 0.06527415143603134 0.041328413284132844
180 0.70822454308094 0.5863468634686347 0.07441253263707572 0.05387453874538745
101 0.6370757180156658 0.5944649446494465 0.06005221932114883 0.05092250922509225
64 0.7695822454308094 0.5025830258302583 0.04046997389033943 0.05461254612546126
96 0.2558746736292428 0.4664206642066421 0.04960835509138381 0.025092250922509225
174 0.8485639686684073 0.1922509225092251 0.03655352480417755 0.037638376383763834
158 0.2349869451697128 0.17835424354243543 0.06527415143603134 0.0418228782287823
158 0.7560966057441253 0.17957933579335794 0.07180156657963446 0.0418228782287823
44 0.6168407310704961 0.9760147601476015 0.7049608355091384 0.03874538745387454