52 0.7647911227154047 0.19864944649446495 0.16753263707571792 0.1168487084870849
52 0.23390339425587467 0.20049446494464945 0.15447780678851172 0.11070110701107011
180 0.1610052219321149 0.474789667896679 0.04787206266318536 0.05166051660516605
180 0.7452088772845954 0.45940959409594095 0.06309399477806779 0.055350553505535055
144 0.23607049608355093 0.6143911439114391 0.15447780678851172 0.0873284132841328
144 0.7647911227154047 0.6100885608856088 0.14578328981723246 0.08856088560885608
140 0.5069582245430809 0.6900369003690037 0.19147519582245426 0.11070110701107011
105 0.4982637075718016 0.12177121771217712 0.17842036553524798 0.13529889298892991
8 0.3116057441253264 0.881040590405904 0.1936422976501306 0.14197785977859786
2 0.4985639686684073 0.8825313653136531 0.1889817232375979 0.14391143911439114
15 0.6856919060052219 0.8842878228782288 0.18836814621409917 0.14531365313653144
40 0.8754569190600523 0.8830553505535055 0.19550913838120104 0.14285608856088572
170 0.09464751958224543 0.959409594095941 0.08050913838120105 0.06396309963099636
44 0.29699738903394257 0.9643321033210333 0.06309399477806786 0.03197785977859773
180 0.8387728459530026 0.47109963099630997 0.0587467362924282 0.049202952029520346
80 0.22519582245430808 0.510450184501845 0.0587467362924282 0.04182287822878234
80 0.7778459530026111 0.5319778597785978 0.0587467362924282 0.04059040590405904
80 0.2099608355091384 0.466789667896679 0.054386422976501335 0.04059040590405904
80 0.7778590078328982 0.5036826568265683 0.05438642297650141 0.035675276752767465
96 0.27523498694516974 0.3271808118081181 0.0500391644908616 0.04182287822878226
71 0.7103916449086162 0.23985239852398524 0.04569190600522193 0.04673800738007383
185 0.23825065274151436 0.12177121771217712 0.14142297650130548 0.02952029520295203
185 0.7626240208877284 0.12484870848708486 0.15013054830287206 0.02828782287822877
146 0.2393342036553525 0.6285387453874538 0.14360313315926893 0.02214022140221402
146 0.76588772845953 0.6291512915129152 0.14360313315926893 0.020907749077490722
130 0.512402088772846 0.3936014760147602 0.16753263707571808 0.08363837638376383
174 0.391644908616188 0.26199261992619927 0.03481723237597906 0.03690036900369004
174 0.5199738903394256 0.346789667896679 0.038511749347258484 0.05399999999999997
174 0.6342036553524805 0.2863616236162361 0.033942558746736295 0.038583025830258286
174 0.4808485639686684 0.3659261992619926 0.04351174934725854 0.038132841328413256
174 0.5624412532637075 0.36285608856088564 0.041344647519582195 0.03444280442804425
39 0.33724543080939945 0.19571955719557194 0.06092689295039163 0.05750553505535055
174 0.6581853785900784 0.264450184501845 0.03263707571801574 0.03935793357933582
158 0.23607049608355093 0.17588929889298893 0.06309399477806786 0.03935793357933578
158 0.7604438642297651 0.1752767527675277 0.06309399477806779 0.04059040590405904