53 0.2558746736292428 0.23357933579335793 0.1514360313315927 0.07011070110701106
144 0.25783289817232374 0.6066420664206642 0.13185378590078328 0.08413284132841328
144 0.7454308093994778 0.6077490774907749 0.1409921671018277 0.08634686346863468
140 0.5032637075718016 0.6756457564575645 0.1919060052219321 0.1099630996309963
146 0.2558746736292428 0.6206642066420665 0.1409921671018277 0.023616236162361623
146 0.7473890339425587 0.6210332103321033 0.1422976501305483 0.025830258302583026
53 0.7395561357702349 0.23357933579335793 0.15013054830287206 0.07011070110701106
106 0.49673629242819844 0.16309963099630997 0.18407310704960836 0.0929889298892989
135 0.5802872062663186 0.18081180811808117 0.07702349869451697 0.06199261992619926
143 0.29699738903394257 0.525830258302583 0.11879895561357702 0.07011070110701106
139 0.5006527415143603 0.7439114391143912 0.19712793733681463 0.03099630996309963
120 0.4993472584856397 0.33948339483394835 0.7245430809399478 0.05904059040590406