52 0.7647911227154047 0.19864944649446495 0.16753263707571792 0.1168487084870849
52 0.23390339425587467 0.20049446494464945 0.15447780678851172 0.11070110701107011
180 0.2012532637075718 0.4575645756457565 0.05439947780678853 0.05166051660516605
180 0.1610052219321149 0.4698671586715867 0.04787206266318536 0.061498154981549764
180 0.2600130548302872 0.45940959409594095 0.05439947780678853 0.057808118081180755
180 0.7452088772845954 0.45940959409594095 0.06309399477806779 0.055350553505535055
180 0.799621409921671 0.44895940959409597 0.0587467362924282 0.04428044280442804
144 0.23607049608355093 0.6143911439114391 0.15447780678851172 0.0873284132841328
144 0.7647911227154047 0.6100885608856088 0.14578328981723246 0.08856088560885608
140 0.5069582245430809 0.6900369003690037 0.19147519582245426 0.11070110701107011
105 0.4982637075718016 0.12177121771217712 0.17842036553524798 0.13529889298892991
8 0.31253263707571804 0.8815719557195572 0.1917754569190601 0.14092988929889302
2 0.4985639686684073 0.8814760147601477 0.1927154046997389 0.1460221402214023
15 0.6856919060052219 0.8842878228782288 0.18836814621409917 0.14531365313653144
40 0.8754569190600523 0.8830553505535055 0.19550913838120104 0.14285608856088572
170 0.09464751958224543 0.959409594095941 0.08050913838120105 0.06396309963099636
44 0.29699738903394257 0.9643321033210333 0.06309399477806786 0.03197785977859773
180 0.8213707571801566 0.4766346863468635 0.05439947780678861 0.05781549815498149
80 0.2774151436031332 0.36777121771217713 0.0587467362924282 0.04182287822878226
80 0.7408616187989556 0.3856088560885609 0.0587467362924282 0.04059040590405904
80 0.2839425587467363 0.32042066420664206 0.054386422976501266 0.04059040590405904
80 0.7234595300261096 0.36100369003690036 0.05438642297650141 0.03567527675276755
96 0.31657963446475196 0.17957933579335794 0.05003916449086163 0.0418228782287823
71 0.6081331592689295 0.10946863468634688 0.04569190600522193 0.04673800738007379
185 0.23825065274151436 0.12177121771217712 0.14142297650130548 0.02952029520295203
185 0.7626240208877284 0.12484870848708486 0.15013054830287206 0.02828782287822877
146 0.2393342036553525 0.6285387453874538 0.14360313315926893 0.02214022140221402
146 0.76588772845953 0.6291512915129152 0.14360313315926893 0.020907749077490722
158 0.2306396866840731 0.1765092250922509 0.06527415143603134 0.04059040590405902
158 0.7582637075718016 0.17712177121771217 0.06745430809399487 0.0393579335793358