44 0.6168407310704961 0.9763837638376384 0.706266318537859 0.041328413284132844
161 0.09530026109660575 0.9616236162361623 0.08093994778067885 0.057564575645756455
150 0.31266318537859006 0.8819188191881919 0.18929503916449086 0.14760147601476015
2 0.5 0.8830258302583026 0.18798955613577023 0.14833948339483394
169 0.6873368146214099 0.8837638376383764 0.1866840731070496 0.14981549815498155
40 0.8753263707571801 0.8819188191881919 0.18929503916449086 0.14907749077490776
140 0.5058746736292428 0.688929889298893 0.1866840731070496 0.11143911439114391
144 0.2402088772845953 0.6118081180811809 0.14882506527415143 0.08708487084870849
145 0.7630548302872062 0.6254612546125461 0.15013054830287206 0.07306273062730627
146 0.239556135770235 0.6287822878228783 0.1475195822454308 0.025092250922509225
52 0.239556135770235 0.2022140221402214 0.12402088772845953 0.08708487084870849
52 0.7630548302872062 0.2022140221402214 0.12663185378590078 0.08708487084870849
158 0.23302872062663185 0.18081180811808117 0.07180156657963446 0.04428044280442804
158 0.7539164490861618 0.18081180811808117 0.07180156657963446 0.045756457564575644
105 0.4980417754569191 0.11992619926199262 0.1866840731070496 0.12619926199261994
185 0.762402088772846 0.14649446494464943 0.14882506527415143 0.02730627306273063
185 0.23890339425587467 0.14797047970479704 0.14882506527415143 0.02730627306273063
139 0.49869451697127937 0.7586715867158672 0.20887728459530025 0.03247232472324723
142 0.7036553524804178 0.4084870848708487 0.06527415143603134 0.04797047970479705
46 0.31005221932114885 0.3081180811808118 0.1475195822454308 0.0981549815498155
136 0.7676240208877284 0.23136531365313653 0.07571801566579635 0.04649446494464945
166 0.762402088772846 0.296309963099631 0.08093994778067885 0.08487084870848709
136 0.75 0.27232472324723245 0.07702349869451697 0.04870848708487085
72 0.46279373368146215 0.24833948339483394 0.12924281984334204 0.07601476014760147
167 0.72911227154047 0.314760147601476 0.08746736292428199 0.08634686346863468