7 0.09530026109660575 0.9611881918819188 0.08093994778067885 0.05669372693726949
15 0.31462140992167104 0.8814169741697416 0.18798955613577023 0.14833948339483394
44 0.6181462140992167 0.976619926199262 0.7088772845953003 0.03911439114391144
128 0.4993472584856397 0.884 0.1866840731070496 0.14907749077490776
160 0.6879895561357703 0.8828929889298892 0.1906005221932115 0.14833948339483394
2 0.8753263707571801 0.8821549815498154 0.1814621409921671 0.14538745387453875
144 0.24086161879895562 0.6105682656826569 0.14490861618798956 0.08929889298892989
144 0.7630548302872062 0.6105682656826569 0.14490861618798956 0.08634686346863468
146 0.762402088772846 0.6293874538745388 0.1462140992167102 0.023616236162361623
146 0.2402088772845953 0.6279114391143912 0.14882506527415143 0.023616236162361623
105 0.5026109660574413 0.12250922509225093 0.2010443864229765 0.12398523985239852
52 0.23302872062663185 0.2007380073800738 0.13968668407310705 0.09003690036900369
52 0.7558746736292428 0.2011070110701107 0.14360313315926893 0.08929889298892989
27 0.2154046997389034 0.18929889298892988 0.10443864229765012 0.061254612546125464
27 0.7369451697127938 0.18892988929889298 0.11096605744125326 0.05904059040590406
185 0.24151436031331594 0.14649446494464943 0.1462140992167102 0.024354243542435424
185 0.7637075718015666 0.14538745387453875 0.1462140992167102 0.025092250922509225
140 0.5065274151436031 0.6892988929889299 0.185378590078329 0.11070110701107011
143 0.7395561357702349 0.3885608856088561 0.1475195822454308 0.07601476014760147
123 0.7023498694516971 0.34354243542435425 0.0835509138381201 0.11439114391143912
37 0.639686684073107 0.23837638376383763 0.10704960835509138 0.07675276752767528
147 0.19973890339425587 0.5018450184501845 0.0783289817232376 0.07970479704797048
94 0.47715404699738906 0.5409594095940959 0.37467362924281983 0.17269372693726937