3 0.09325065274151437 0.9620516605166051 0.0783289817232376 0.06221402214022154
169 0.3133159268929504 0.8814022140221401 0.19022193211488256 0.14760147601476015
15 0.49981723237597914 0.8829815498154981 0.19022193211488256 0.15076752767527674
40 0.6872454308093994 0.8814022140221401 0.1846344647519583 0.14549077490774898
150 0.8728067885117494 0.8814022140221401 0.19022193211488256 0.14549077490774898
44 0.6173107049608355 0.9747084870848709 0.7049608355091384 0.03690036900369004
140 0.5063446475195823 0.6905756457564576 0.18090078328981715 0.1117564575645757
144 0.24058746736292427 0.6146642066420664 0.14920365535248045 0.08434686346863465
144 0.7627806788511748 0.6141328413284133 0.14920365535248037 0.08539483394833951
146 0.24058746736292427 0.6278450184501845 0.14920365535248045 0.02635424354243545
146 0.7618407310704961 0.6288929889298893 0.15105744125326376 0.024250922509225017
27 0.21819843342036552 0.19030258302583028 0.10443864229765012 0.06220664206642066
27 0.7394647519582245 0.18977121771217711 0.11003916449086157 0.06325461254612547
52 0.24244125326370758 0.19557195571955718 0.16784595300261096 0.11491512915129154
52 0.7637075718015666 0.19609594095940958 0.16971279373368145 0.11386715867158669
185 0.24151436031331594 0.12598523985239854 0.14733681462140993 0.02635424354243541
185 0.7627806788511748 0.12598523985239854 0.1454699738903395 0.02635424354243541
105 0.5026109660574413 0.11913653136531366 0.1846344647519583 0.12440590405904059
143 0.7711879895561358 0.25672324723247236 0.12496083550913842 0.07485608856088566
142 0.17156657963446473 0.3041623616236162 0.05967362924281983 0.043225092250922546
135 0.8000783289817233 0.24723247232472326 0.07459530026109673 0.03901107011070112
174 0.25642297650130547 0.44544649446494466 0.04663185378590075 0.0411217712177122
174 0.26109660574412535 0.3974686346863469 0.05220626631853787 0.03163837638376376
174 0.2583028720626632 0.4196014760147601 0.054073107049608375 0.03163099630996303
174 0.2732114882506527 0.3758523985239852 0.054073107049608375 0.03057564575645757
174 0.22006527415143604 0.3700516605166052 0.05221932114882506 0.04006642066420666
174 0.258289817232376 0.3489741697416974 0.05033942558746737 0.02740959409594095
183 0.4765013054830287 0.2872988929889299 0.10630548302872071 0.08539483394833951
80 0.16597911227154047 0.5967306273062731 0.055953002610966036 0.05060516605166047
80 0.30958224543080937 0.5962066420664207 0.05221932114882506 0.04744649446494462
80 0.2349869451697128 0.6494464944649446 0.07087467362924285 0.04849446494464947