169 0.3125065274151436 0.8814612546125462 0.18766318537859009 0.14852398523985239
15 0.5001697127937337 0.8814612546125462 0.19092689295039164 0.14852398523985239
4 0.6886422976501305 0.8819188191881919 0.18929503916449086 0.14760147601476015
51 0.8746736292428199 0.8819188191881919 0.18276762402088773 0.14760147601476015
129 0.09464751958224543 0.9612546125461254 0.08485639686684072 0.05719557195571956
44 0.6168407310704961 0.976479704797048 0.7114882506527415 0.03966789667896679
145 0.2423368146214099 0.6263837638376384 0.14849869451697129 0.07011070110701106
145 0.7596344647519582 0.6263837638376384 0.15176240208877284 0.07195571955719557
140 0.505065274151436 0.6872693726937269 0.19092689295039164 0.11254612546125461
139 0.5001697127937337 0.7596900369003691 0.20724543080939947 0.02859778597785978
143 0.2921018276762402 0.5138376383763837 0.1370757180156658 0.07380073800738007
6 0.5238250652741514 0.35470848708487085 0.1272845953002611 0.09501845018450185
193 0.7661618798955614 0.34179335793357934 0.07016971279373369 0.06549815498154982
91 0.5915535248041776 0.21678966789667897 0.12565274151436032 0.1014760147601476
172 0.22845953002610966 0.3274907749077491 0.05221932114882506 0.07380073800738007
172 0.2831331592689295 0.32656826568265684 0.05385117493472585 0.06457564575645756
172 0.22845953002610966 0.2975129151291513 0.07180156657963446 0.06549815498154982
172 0.2831331592689295 0.2915129151291513 0.050587467362924285 0.06088560885608856
52 0.23988250652741513 0.1992619926199262 0.12402088772845953 0.09225092250922509
52 0.7628981723237598 0.19972693726937268 0.12565274151436032 0.09132841328413284
185 0.23988250652741513 0.14391143911439114 0.1468668407310705 0.025830258302583026
185 0.7637075718015666 0.14391143911439114 0.1468668407310705 0.023985239852398525
31 0.23988250652741513 0.11577859778597786 0.1468668407310705 0.026752767527675275
31 0.7653394255874674 0.1167011070110701 0.1468668407310705 0.026752767527675275
30 0.23988250652741513 0.17435424354243542 0.0685378590078329 0.042435424354243544
30 0.7645300261096606 0.1752767527675277 0.07016971279373369 0.04428044280442804
105 0.5034334203655353 0.12177121771217712 0.19745430809399478 0.12361623616236163