44 0.6194516971279374 0.9760147601476015 0.706266318537859 0.04206642066420664
151 0.09464751958224543 0.9605166051660516 0.08224543080939947 0.05977859778597786
160 0.3133159268929504 0.8819188191881919 0.18276762402088773 0.14612546125461254
169 0.49869451697127937 0.8822878228782288 0.18798955613577023 0.14686346863468636
40 0.6879895561357703 0.8822878228782288 0.19321148825065274 0.14686346863468636
15 0.8753263707571801 0.881549815498155 0.1866840731070496 0.14686346863468636
140 0.5032637075718016 0.6900369003690037 0.19451697127937337 0.11070110701107011
144 0.2402088772845953 0.6143911439114391 0.15404699738903394 0.0907749077490775
144 0.7617493472584856 0.614760147601476 0.15535248041775457 0.0929889298892989
146 0.23825065274151436 0.629520295202952 0.15274151436031333 0.028044280442804426
146 0.7610966057441253 0.6280442804428045 0.15404699738903394 0.026568265682656828
52 0.762402088772846 0.19557195571955718 0.17232375979112272 0.11660516605166052
52 0.23890339425587467 0.1959409594095941 0.17493472584856398 0.11734317343173432
185 0.23890339425587467 0.12398523985239852 0.14882506527415143 0.028044280442804426
185 0.7630548302872062 0.12398523985239852 0.15013054830287206 0.028044280442804426
105 0.5019582245430809 0.11955719557195572 0.18929503916449086 0.12250922509225093
30 0.24216710182767623 0.17158671586715868 0.06657963446475196 0.05830258302583026
30 0.7656657963446475 0.17158671586715868 0.06657963446475196 0.055350553505535055
31 0.23890339425587467 0.09667896678966789 0.1462140992167102 0.028044280442804426
31 0.7630548302872062 0.096309963099631 0.14490861618798956 0.025830258302583026
188 0.7467362924281984 0.5494464944649446 0.07049608355091384 0.04944649446494465
188 0.25261096605744127 0.5376383763837639 0.06657963446475196 0.06568265682656826
0 0.19843342036553524 0.303690036900369 0.05483028720626632 0.05092250922509225
0 0.19647519582245432 0.2734317343173432 0.048302872062663184 0.037638376383763834
108 0.6736292428198434 0.17675276752767527 0.07049608355091384 0.05977859778597786
23 0.8328981723237598 0.15682656826568267 0.08616187989556136 0.06273062730627306
188 0.7382506527415144 0.4095940959409594 0.06657963446475196 0.06789667896678966
188 0.7845953002610966 0.4047970479704797 0.04699738903394256 0.07011070110701106