52 0.7595169712793733 0.19864944649446495 0.17810704960835516 0.1168487084870849
52 0.23390339425587467 0.20049446494464945 0.15447780678851172 0.11070110701107011
180 0.2658093994778068 0.38212546125461255 0.05439947780678853 0.056583025830258316
180 0.23715404699738904 0.34994095940959413 0.0478720626631854 0.055350553505535055
180 0.29699738903394257 0.35239852398523985 0.05439947780678853 0.055350553505535055
180 0.7343342036553525 0.3823837638376384 0.06309399477806779 0.0470479704797048
180 0.7256396866840732 0.3310332103321033 0.0587467362924282 0.04459040590405901
101 0.25238903394255874 0.4944649446494465 0.06527415143603134 0.04981549815498155
39 0.7452088772845954 0.4171217712177122 0.06745430809399487 0.051350553505535
144 0.23607049608355093 0.6143911439114391 0.15447780678851172 0.0873284132841328
144 0.7647911227154047 0.6100885608856088 0.14578328981723246 0.08856088560885608
140 0.5069582245430809 0.6900369003690037 0.19147519582245426 0.11070110701107011
105 0.4982637075718016 0.12177121771217712 0.17842036553524798 0.13529889298892991
8 0.3116057441253264 0.8805166051660516 0.1936422976501306 0.14303321033210328
2 0.49950391644908615 0.8820073800738006 0.19456919060052213 0.14496678966789656
15 0.6866318537859009 0.8842878228782288 0.19022193211488256 0.14531365313653144
40 0.8745169712793733 0.8820073800738006 0.19364229765013044 0.14496678966789656
170 0.09464751958224543 0.959409594095941 0.08050913838120105 0.06396309963099636
44 0.29699738903394257 0.9643321033210333 0.06309399477806786 0.03197785977859773
180 0.725626631853786 0.3620811808118081 0.05439947780678861 0.04828044280442806
80 0.4471279373368146 0.23585239852398523 0.0587467362924282 0.03997785977859775
80 0.6304438642297651 0.21802214022140223 0.0587467362924282 0.041202952029520325
80 0.46236292428198433 0.1974169741697417 0.050039164490861675 0.04059040590405904
80 0.6168407310704961 0.24507749077490773 0.054386422976501266 0.041210332103321055
185 0.23744125326370757 0.12500369003690037 0.15176240208877284 0.02859778597785978
185 0.7620757180156658 0.12408118081180812 0.15013054830287206 0.02859778597785978
146 0.23580939947780677 0.6277712177121771 0.15502610966057442 0.024907749077490774
146 0.7620757180156658 0.6296162361623616 0.15013054830287206 0.024907749077490774
158 0.23607049608355093 0.17712177121771217 0.06309399477806786 0.04182287822878228
158 0.7571801566579635 0.1765092250922509 0.07398172323759801 0.04059040590405902