44 0.6174934725848564 0.9763837638376384 0.7075718015665796 0.042804428044280446
151 0.09399477806788512 0.9601476014760147 0.08093994778067885 0.05904059040590406
128 0.3113577023498694 0.8822878228782288 0.1919060052219321 0.14833948339483394
40 0.5006527415143603 0.8833948339483395 0.18929503916449086 0.14760147601476015
2 0.6873368146214099 0.8833948339483395 0.18929503916449086 0.14612546125461254
169 0.8740208877284595 0.8830258302583026 0.1866840731070496 0.14833948339483394
140 0.5058746736292428 0.6896678966789668 0.18407310704960836 0.11143911439114391
144 0.24151436031331594 0.611439114391144 0.14882506527415143 0.08634686346863468
144 0.762402088772846 0.6129151291512915 0.1514360313315927 0.08782287822878229
146 0.762402088772846 0.6284132841328414 0.1514360313315927 0.025830258302583026
146 0.23890339425587467 0.6287822878228783 0.1514360313315927 0.025092250922509225
52 0.239556135770235 0.2025830258302583 0.12924281984334204 0.08929889298892989
158 0.23172323759791122 0.17896678966789667 0.07180156657963446 0.03911439114391144
158 0.7545691906005222 0.17859778597785977 0.07049608355091384 0.041328413284132844
185 0.2402088772845953 0.14833948339483394 0.14882506527415143 0.026568265682656828
185 0.762402088772846 0.14760147601476015 0.1514360313315927 0.026568265682656828
52 0.7637075718015666 0.2022140221402214 0.1279373368146214 0.08560885608856089
105 0.49738903394255873 0.11992619926199262 0.18798955613577023 0.12324723247232472
7 0.8439947780678851 0.19114391143911438 0.05352480417754569 0.06494464944649446
157 0.22845953002610966 0.37380073800738006 0.07571801566579635 0.061254612546125464
36 0.5241514360313316 0.5199261992619926 0.33550913838120106 0.15571955719557196