15 0.3125065274151436 0.8814612546125462 0.18766318537859009 0.14852398523985239
51 0.5001697127937337 0.8814612546125462 0.19092689295039164 0.14852398523985239
160 0.6899477806788512 0.8819188191881919 0.18929503916449086 0.14760147601476015
150 0.8746736292428199 0.8819188191881919 0.18276762402088773 0.14760147601476015
41 0.09464751958224543 0.9612546125461254 0.08485639686684072 0.05719557195571956
44 0.6168407310704961 0.976479704797048 0.7114882506527415 0.03966789667896679
144 0.2410313315926893 0.6130996309963099 0.14849869451697129 0.08487084870848709
144 0.7622454308093994 0.6112546125461255 0.1491514360313316 0.08597785977859779
140 0.505065274151436 0.6872693726937269 0.19092689295039164 0.11254612546125461
52 0.2327023498694517 0.1992619926199262 0.13838120104438642 0.09225092250922509
52 0.755065274151436 0.19972693726937268 0.14131853785900783 0.09132841328413284
185 0.23988250652741513 0.14428044280442803 0.1468668407310705 0.025092250922509225
185 0.7637075718015666 0.14391143911439114 0.1468668407310705 0.023985239852398525
27 0.21638381201044388 0.18874538745387454 0.1077023498694517 0.06088560885608856
27 0.7390731070496084 0.1881918819188192 0.1054177545691906 0.06420664206642067
105 0.5034334203655353 0.12177121771217712 0.19745430809399478 0.12361623616236163
146 0.239556135770235 0.6284132841328414 0.1475195822454308 0.022878228782287822
146 0.7617493472584856 0.6284132841328414 0.1475195822454308 0.021402214022140223
68 0.4177545691906005 0.3413284132841328 0.09660574412532637 0.06568265682656826
94 0.806135770234987 0.625830258302583 0.283289817232376 0.17269372693726937
174 0.860313315926893 0.5904059040590406 0.033942558746736295 0.03690036900369004
174 0.7976501305483029 0.6523985239852399 0.03655352480417755 0.035424354243542434
163 0.7806788511749347 0.4140221402214022 0.12532637075718014 0.06937269372693727
174 0.8028720626631853 0.5719557195571956 0.03655352480417755 0.03099630996309963
174 0.7154046997389034 0.6369003690036901 0.03655352480417755 0.035424354243542434
174 0.891644908616188 0.6848708487084871 0.04177545691906005 0.035424354243542434
135 0.4680156657963446 0.5616236162361624 0.06919060052219321 0.03394833948339483