147 0.24804177545691905 0.11715867158671586 0.097911227154047 0.07564575645756458
2 0.3125065274151436 0.8823837638376385 0.19419060052219322 0.14852398523985239
15 0.4993603133159269 0.8833062730627307 0.18929503916449086 0.1503690036900369
128 0.6878328981723237 0.8833062730627307 0.20071801566579633 0.14852398523985239
150 0.8763054830287206 0.8833062730627307 0.18929503916449086 0.1466789667896679
44 0.6201044386422977 0.9755571955719557 0.7114882506527415 0.043357933579335796
9 0.09301566579634465 0.9598745387453875 0.0881201044386423 0.05996309963099631
144 0.23744125326370757 0.6116236162361623 0.1452349869451697 0.09225092250922509
144 0.7677937336814621 0.6125461254612546 0.12891644908616187 0.08671586715867159
146 0.24070496083550913 0.6282287822878229 0.15176240208877284 0.023985239852398525
146 0.7620757180156658 0.6282287822878229 0.15339425587467362 0.027675276752767528
138 0.26844647519582243 0.34870848708487084 0.07016971279373369 0.03690036900369004
140 0.5058746736292428 0.6877343173431735 0.18929503916449086 0.11162361623616236
139 0.4985378590078329 0.7596900369003691 0.21050913838120106 0.03413284132841329
135 0.7433159268929503 0.3685461254612546 0.07669712793733681 0.0507380073800738
52 0.7620757180156658 0.19649446494464945 0.1762402088772846 0.11808118081180811
53 0.24151436031331594 0.21678966789667897 0.15013054830287206 0.07380073800738007
185 0.7628981723237598 0.11762361623616235 0.14849869451697129 0.026752767527675275
28 0.7637075718015666 0.17389667896678968 0.08485639686684072 0.0544280442804428
107 0.4993472584856397 0.02445018450184502 0.20887728459530025 0.03413284132841329
105 0.5001697127937337 0.12039114391143911 0.19092689295039164 0.11531365313653137
147 0.7278067885117493 0.48292988929889297 0.09464751958224543 0.07287822878228782
159 0.4781331592689295 0.281830258302583 0.31657963446475196 0.1411439114391144
10 0.24479112271540468 0.17666420664206642 0.08159268929503917 0.048892988929889296
17 0.4112402088772846 0.1563690036900369 0.09138381201044386 0.06918819188191883