3 0.09530026109660575 0.9614464944649447 0.08093994778067885 0.05869372693726952
15 0.3152741514360313 0.8808339483394834 0.17885117493472585 0.14169741697416974
128 0.4993472584856397 0.8830258302583026 0.18407310704960836 0.14686346863468636
8 0.6847258485639687 0.8826568265682657 0.19451697127937337 0.14612546125461254
40 0.8766318537859008 0.8822878228782288 0.18929503916449086 0.14538745387453875
140 0.5052219321148825 0.688929889298893 0.185378590078329 0.11143911439114391
144 0.24086161879895562 0.6140221402214022 0.1475195822454308 0.09151291512915129
144 0.762402088772846 0.6158671586715867 0.1462140992167102 0.08782287822878229
146 0.23890339425587467 0.6287822878228783 0.14882506527415143 0.025092250922509225
146 0.762402088772846 0.6287822878228783 0.14882506527415143 0.025092250922509225
52 0.23890339425587467 0.1966789667896679 0.16971279373368145 0.11734317343173432
52 0.762402088772846 0.1966789667896679 0.1671018276762402 0.11586715867158671
185 0.23825065274151436 0.11660516605166052 0.15013054830287206 0.026568265682656828
185 0.7617493472584856 0.11697416974169741 0.15013054830287206 0.028782287822878228
105 0.4993472584856397 0.11918819188191881 0.1919060052219321 0.12324723247232472
28 0.23890339425587467 0.17416974169741697 0.08877284595300261 0.05461254612546126
28 0.7637075718015666 0.17380073800738008 0.0835509138381201 0.05682656826568266
100 0.7199738903394256 0.25867158671586715 0.11618798955613577 0.06863468634686347
139 0.5 0.7586715867158672 0.20365535248041775 0.03394833948339483
17 0.1814621409921671 0.23357933579335793 0.08877284595300261 0.07011070110701106
10 0.6945169712793734 0.5490774907749078 0.08877284595300261 0.05461254612546126
115 0.5234986945169713 0.4402214022140221 0.15926892950391644 0.03616236162361624
20 0.8120104438642297 0.15092250922509226 0.05483028720626632 0.05387453874538745
100 0.32506527415143605 0.1047970479704797 0.12010443864229765 0.06642066420664207
44 0.6168407310704961 0.9760147601476015 0.7049608355091384 0.03874538745387454