100 0.7368146214099216 0.37849446494464944 0.11967362924281993 0.06887822878228782
100 0.3078720626631854 0.21921033210332103 0.1134464751958225 0.0616752767527675
17 0.22720626631853785 0.4680295202952029 0.0870365535248042 0.07256826568265677
52 0.23964751958224542 0.19662730627306274 0.16971279373368145 0.11491512915129154
13 0.19847258485639688 0.3586420664206642 0.03698433420365533 0.02952029520295203
13 0.20453002610966056 0.32042066420664206 0.0391644908616188 0.028287822878228813
13 0.15464751958224543 0.34457564575645755 0.07242819843342035 0.02952029520295203
13 0.16411227154046998 0.29810332103321036 0.06340731070496085 0.02864206642066425
51 0.3133159268929504 0.8808634686346863 0.19022193211488256 0.1423321033210333
128 0.49981723237597914 0.8840295202952029 0.19022193211488256 0.14443542435424356
8 0.6863054830287206 0.8856088560885609 0.19022193211488256 0.14760147601476015
40 0.8765404699738902 0.8845535055350553 0.19022193211488256 0.14549077490774898
3 0.09511749347258486 0.960988929889299 0.08206266318537858 0.06008856088560891
144 0.23964751958224542 0.6136014760147601 0.14733681462140993 0.08434686346863465
144 0.7637075718015666 0.6141254612546125 0.1473368146214098 0.08539483394833951
146 0.23964751958224542 0.6278302583025831 0.15105744125326367 0.02635424354243545
146 0.7637075718015666 0.6273062730627307 0.1473368146214098 0.0253062730627306
139 0.49887728459530023 0.7590922509225092 0.21074412532637085 0.03584501845018454
140 0.5044778067885117 0.6868708487084871 0.195822454308094 0.11491512915129154
52 0.7627806788511748 0.19609594095940958 0.16784595300261088 0.11386715867158669
20 0.797271540469974 0.29888560885608856 0.05035248041775449 0.06430996309963098
28 0.23964751958224542 0.17290774907749076 0.09511749347258487 0.05271586715867159
28 0.7534464751958224 0.1744870848708487 0.0969843342036553 0.047446494464944644
185 0.24151436031331594 0.11650184501845019 0.14733681462140993 0.0242509225092251
185 0.7637075718015666 0.11755719557195571 0.1473368146214098 0.02635424354243541
105 0.5026109660574413 0.12124723247232472 0.1846344647519583 0.11808118081180811
13 0.13800261096605743 0.32050184501845014 0.05967362924281985 0.02952029520295203
56 0.5744125326370757 0.068 0.07087467362924277 0.0685239852398524
44 0.6168407310704961 0.9760147601476015 0.7049608355091384 0.03874538745387454