16 0.09325065274151437 0.9620516605166051 0.0783289817232376 0.06221402214022154
51 0.3133159268929504 0.8814022140221401 0.19022193211488256 0.14760147601476015
169 0.49981723237597914 0.8829815498154981 0.19022193211488256 0.15076752767527674
128 0.6872454308093994 0.8814022140221401 0.1846344647519583 0.14549077490774898
51 0.8728067885117494 0.8814022140221401 0.19022193211488256 0.14549077490774898
44 0.6173107049608355 0.9747084870848709 0.7049608355091384 0.03690036900369004
140 0.5063446475195823 0.6905756457564576 0.18090078328981715 0.1117564575645757
145 0.2368537859007833 0.6225682656826569 0.14174934725848562 0.06853136531365306
145 0.7627806788511748 0.6209889298892989 0.14920365535248037 0.07169003690036908
27 0.21819843342036552 0.19030258302583028 0.10443864229765012 0.06220664206642066
53 0.7599738903394255 0.21718081180811807 0.1548041775456918 0.07380073800738007
52 0.24244125326370758 0.19557195571955718 0.16784595300261096 0.11491512915129154
185 0.24151436031331594 0.12598523985239854 0.14733681462140993 0.02635424354243541
105 0.5026109660574413 0.11913653136531366 0.1846344647519583 0.12440590405904059
174 0.5827937336814621 0.716929889298893 0.03544386422976498 0.03795571955719562
174 0.611710182767624 0.6810774907749078 0.03728459530026103 0.03585239852398519
174 0.5818798955613578 0.6900295202952029 0.04101827676240204 0.02214022140221402
174 0.5827937336814621 0.6568191881918819 0.03541775456919059 0.03584501845018445
80 0.5464360313315927 0.7258819188191882 0.07459530026109659 0.045335793357933626
95 0.7217493472584856 0.20189667896678967 0.055953002610965925 0.07485608856088559
95 0.7571801566579635 0.2182361623616236 0.04848563968668421 0.04639114391143912
95 0.7991383812010444 0.19978597785977859 0.05408616187989564 0.07274538745387456
147 0.2508355091383812 0.25303321033210335 0.08765013054830285 0.08645018450184501
122 0.521266318537859 0.22087822878228783 0.1025718015665797 0.079070110701107
122 0.7236161879895561 0.43225830258302583 0.09325065274151444 0.08223616236162366
80 0.7739686684073107 0.46705535055350555 0.055953002610965925 0.03795571955719562
80 0.7236161879895561 0.4575645756457565 0.05221932114882506 0.03795571955719562
174 0.7394647519582245 0.4095940959409594 0.0391644908616188 0.028464944649446447
174 0.7441253263707572 0.3827084870848709 0.05221932114882506 0.03163099630996307
25 0.8550913838120104 0.11491512915129153 0.10630548302872071 0.0843468634686347
159 0.7161488250652742 0.5846051660516605 0.3021279373368147 0.14022140221402213