144 0.2402088772845953 0.6121771217712177 0.1514360313315927 0.08487084870848709
144 0.762402088772846 0.611439114391144 0.1514360313315927 0.08929889298892989
146 0.23759791122715404 0.6280442804428045 0.14882506527415143 0.026568265682656828
146 0.7630548302872062 0.6280442804428045 0.15013054830287206 0.023616236162361623
140 0.5078328981723238 0.6878228782287823 0.185378590078329 0.11365313653136531
44 0.6181462140992167 0.9767527675276753 0.7088772845953003 0.04206642066420664
129 0.09530026109660575 0.9619926199261992 0.0783289817232376 0.05977859778597786
15 0.30809399477806787 0.8822878228782288 0.185378590078329 0.14686346863468636
169 0.4993472584856397 0.8826568265682657 0.1866840731070496 0.14612546125461254
2 0.6879895561357703 0.8822878228782288 0.1906005221932115 0.14538745387453875
40 0.8772845953002611 0.8822878228782288 0.18798955613577023 0.14538745387453875
52 0.2402088772845953 0.20184501845018452 0.1227154046997389 0.08782287822878229
52 0.7637075718015666 0.2011070110701107 0.1227154046997389 0.08634686346863468
185 0.7617493472584856 0.14649446494464943 0.1475195822454308 0.025830258302583026
158 0.2310704960835509 0.1797047970479705 0.06527415143603134 0.043542435424354244
158 0.7526109660574413 0.18044280442804428 0.07180156657963446 0.045018450184501846
105 0.4980417754569191 0.12103321033210332 0.18929503916449086 0.12398523985239852
180 0.5789817232375979 0.3121771217712177 0.06135770234986945 0.05608856088560885
185 0.2402088772845953 0.14649446494464943 0.14882506527415143 0.02730627306273063
83 0.8107049608355091 0.2937269372693727 0.0835509138381201 0.057564575645756455
10 0.2859007832898172 0.5697490774907749 0.0783289817232376 0.057549815498154994
87 0.7199738903394256 0.1099630996309963 0.14490861618798956 0.09446494464944649
19 0.5234986945169713 0.25350553505535056 0.12532637075718014 0.1099630996309963
10 0.24412532637075718 0.5634760147601476 0.0783289817232376 0.024339483394833963
57 0.664490861618799 0.2649446494464945 0.1174934725848564 0.1033210332103321
180 0.7310704960835509 0.14354243542435424 0.05483028720626632 0.05092250922509225