3 0.09325065274151437 0.9620516605166051 0.0783289817232376 0.06221402214022154
15 0.3133159268929504 0.8814022140221401 0.19022193211488256 0.14760147601476015
169 0.49981723237597914 0.8829815498154981 0.19022193211488256 0.15076752767527674
128 0.6872454308093994 0.8814022140221401 0.1846344647519583 0.14549077490774898
40 0.8728067885117494 0.8814022140221401 0.19022193211488256 0.14549077490774898
44 0.6173107049608355 0.9747084870848709 0.7049608355091384 0.03690036900369004
140 0.5063446475195823 0.6905756457564576 0.18090078328981715 0.1117564575645757
145 0.2368537859007833 0.6225682656826569 0.14174934725848562 0.06853136531365306
145 0.7627806788511748 0.6209889298892989 0.14920365535248037 0.07169003690036908
27 0.21819843342036552 0.19030258302583028 0.10443864229765012 0.06220664206642066
53 0.7599738903394255 0.21718081180811807 0.1548041775456918 0.07380073800738007
52 0.24244125326370758 0.19557195571955718 0.16784595300261096 0.11491512915129154
185 0.24151436031331594 0.12598523985239854 0.14733681462140993 0.02635424354243541
105 0.5026109660574413 0.11913653136531366 0.1846344647519583 0.12440590405904059
174 0.5697389033942559 0.7264206642066421 0.03544386422976498 0.03795571955719562
174 0.6266318537859008 0.6462878228782288 0.05592689295039169 0.03585239852398519
174 0.5995953002610966 0.6879188191881919 0.0391514360313316 0.03690036900369004
174 0.5865274151436031 0.6668339483394834 0.031684073107049585 0.032678966789667876
95 0.720822454308094 0.2604059040590406 0.0690078328981722 0.071690036900369
95 0.765574412532637 0.2925682656826568 0.06527415143603134 0.06431734317343171
95 0.7748955613577024 0.25987453874538746 0.0690078328981722 0.06642066420664207
147 0.24617493472584856 0.2461771217712177 0.10443864229765012 0.09171955719557194
122 0.44293733681462144 0.24090774907749077 0.09138381201044386 0.079070110701107
122 0.6825848563968668 0.478649446494465 0.09325065274151444 0.08223616236162366
80 0.7506527415143603 0.5830258302583026 0.06527415143603134 0.04216974169741705
80 0.719882506527415 0.559830258302583 0.04848563968668421 0.03374169741697419
174 0.738537859007833 0.489719557195572 0.03729765013054822 0.03690036900369004
174 0.7450522193211488 0.4628339483394834 0.057819843342036506 0.03584501845018445
25 0.8550913838120104 0.11491512915129153 0.10630548302872071 0.0843468634686347
135 0.3319712793733682 0.6462878228782288 0.07459530026109662 0.04428044280442804
143 0.6723237597911227 0.6900369003690037 0.1361488250652741 0.06642066420664207