96 0.25539164490861616 0.44280442804428044 0.057114882506527416 0.042435424354243544
96 0.22112271540469974 0.4132841328413284 0.05385117493472585 0.042435424354243544
80 0.6902741514360313 0.5871808118081181 0.06527415143603134 0.0470479704797048
80 0.7547389033942559 0.5530479704797048 0.060378590078328985 0.03413284132841329
80 0.7269973890339425 0.5645756457564576 0.040796344647519585 0.023985239852398525
174 0.7767624020887729 0.518450184501845 0.05221932114882506 0.03874538745387454
101 0.8191906005221932 0.4967749077490775 0.06527415143603134 0.05627306273062731
180 0.7359660574412533 0.46171955719557195 0.06527415143603134 0.058118081180811805
180 0.8142950391644909 0.4612546125461255 0.0587467362924282 0.03874538745387454
180 0.7865535248041775 0.4469594095940959 0.0489556135770235 0.048892988929889296
174 0.7898172323759791 0.3888413284132841 0.05548302872062663 0.035977859778597784
174 0.7808485639686684 0.41836162361623613 0.04406005221932115 0.03782287822878229
80 0.22845953002610966 0.26614760147601474 0.05221932114882506 0.045202952029520294
80 0.17706266318537858 0.257380073800738 0.057114882506527416 0.04059040590405904
80 0.18195822454308094 0.22970479704797048 0.060378590078328985 0.03136531365313653
80 0.1558485639686684 0.21171955719557195 0.050587467362924285 0.03966789667896679
39 0.3174020887728459 0.16836162361623616 0.05385117493472585 0.048892988929889296
101 0.6209268929503916 0.08064944649446494 0.07669712793733681 0.0619409594095941
64 0.7767624020887729 0.08256826568265682 0.0489556135770235 0.052583025830258305
64 0.8469321148825065 0.08349077490774907 0.0489556135770235 0.05627306273062731
144 0.2423368146214099 0.6134686346863468 0.14849869451697129 0.08856088560885608
144 0.7645300261096606 0.6143911439114391 0.14849869451697129 0.08856088560885608
140 0.505065274151436 0.689579335793358 0.19092689295039164 0.10977859778597786
8 0.3125065274151436 0.8823837638376385 0.19326370757180153 0.1466789667896679
2 0.49924281984334207 0.8820516605166052 0.1913968668407311 0.14364575645756447
15 0.6872454308093994 0.8819852398523985 0.19116187989556144 0.14377859778597799
40 0.8766579634464752 0.881520295202952 0.1955874673629242 0.14470110701107022
170 0.09383812010443864 0.9589520295202952 0.07996083550913838 0.06549815498154982
44 0.2986292428198433 0.9677121771217713 0.0587467362924282 0.027675276752767528
146 0.23988250652741513 0.6282287822878229 0.1468668407310705 0.02029520295202952
146 0.7637075718015666 0.6282287822878229 0.1468668407310705 0.025830258302583026
52 0.24151436031331594 0.19557195571955718 0.1664490861618799 0.11439114391143912
52 0.7620757180156658 0.19557195571955718 0.17297650130548303 0.11623616236162361
185 0.24046997389033942 0.12453874538745388 0.15129242819843342 0.025830258302583026
105 0.4993472584856397 0.11900369003690037 0.19255874673629242 0.12361623616236163
185 0.7367885117493472 0.12453874538745388 0.09301566579634465 0.025830258302583026
158 0.2349869451697128 0.1765092250922509 0.06527415143603134 0.04059040590405902
158 0.7571801566579635 0.17588929889298893 0.06092689295039174 0.03935793357933578