44 0.6257049608355092 0.975749077490775 0.703093994778068 0.04322509225092263
8 0.3133159268929504 0.8834981549815499 0.19395561357702346 0.14760147601476015
51 0.4970104438642297 0.8813948339483395 0.18836814621409917 0.14338745387453872
2 0.6863054830287206 0.8819188191881919 0.19022193211488256 0.14443542435424356
169 0.8737467362924282 0.8834981549815499 0.18836814621409917 0.14760147601476015
41 0.09325065274151437 0.9615202952029519 0.08578328981723235 0.05904059040590406
140 0.5044778067885117 0.6879261992619926 0.195822454308094 0.11281180811808111
139 0.49981723237597914 0.7606715867158672 0.20514360313315924 0.030575645756457527
59 0.40283289817232376 0.6262509225092251 0.08951697127937343 0.08223616236162366
143 0.6574020887728459 0.6404870848708487 0.12122715404699741 0.08539483394833951
24 0.5259268929503916 0.5988413284132841 0.05595300261096608 0.06958671586715864
24 0.5734856396866841 0.5946199261992621 0.057819843342036506 0.0780147601476015
142 0.31610966057441253 0.6209815498154981 0.046618798955613584 0.03795571955719562
142 0.36180156657963447 0.6294169741697417 0.05967362924281985 0.02952029520295203
0 0.23591383812010444 0.5123911439114391 0.054086161879895574 0.04849446494464947
0 0.26389033942558743 0.543490774907749 0.05035248041775456 0.05587453874538748
0 0.30678851174934724 0.5556162361623617 0.04661879895561355 0.05271586715867163
0 0.29280678851174935 0.5229298892988931 0.03356396866840729 0.04428044280442804
188 0.7310704960835509 0.4438597785977859 0.07087467362924277 0.06747601476014765
188 0.7525195822454307 0.4122287822878229 0.06527415143603134 0.05692988929889306
127 0.7730287206266319 0.29678228782287824 0.06527415143603134 0.05166051660516605
127 0.8121932114882506 0.3062730627306273 0.06527415143603134 0.04954981549815497
127 0.8466971279373369 0.2925682656826568 0.05221932114882506 0.05377121771217713
52 0.23964751958224542 0.19609594095940958 0.16971279373368145 0.1201918819188192
52 0.7599738903394255 0.19820664206642066 0.17344647519582232 0.11808118081180811
185 0.7618407310704961 0.12335055350553505 0.15105744125326376 0.02952029520295203
185 0.24151436031331594 0.12440590405904059 0.15105744125326367 0.02740959409594095
31 0.2387206266318538 0.09699630996309963 0.1529242819843342 0.02740959409594095
31 0.7627806788511748 0.0954169741697417 0.14920365535248037 0.02424354243542436
105 0.5026109660574413 0.11861992619926198 0.1846344647519583 0.12546125461254612
145 0.24151436031331594 0.6257343173431734 0.1585248041775457 0.07485608856088566
145 0.7609138381201045 0.6241549815498155 0.14920365535248037 0.06958671586715864
30 0.24244125326370758 0.17185239852398526 0.06714099216710184 0.05482656826568265
30 0.7665013054830287 0.1707970479704797 0.06340731070496075 0.05271586715867157