44 0.6181462140992167 0.9767527675276753 0.706266318537859 0.04059040590405904
8 0.31201044386422977 0.8822878228782288 0.1906005221932115 0.14686346863468636
169 0.49673629242819844 0.8800738007380073 0.18407310704960836 0.14391143911439114
128 0.6873368146214099 0.8819188191881919 0.1866840731070496 0.14464944649446496
40 0.8740208877284595 0.8837638376383764 0.18929503916449086 0.14833948339483394
151 0.09530026109660575 0.9612546125461254 0.0835509138381201 0.05977859778597786
144 0.24151436031331594 0.6132841328413284 0.14882506527415143 0.08708487084870849
145 0.7617493472584856 0.6265682656826568 0.15013054830287206 0.07527675276752767
146 0.2402088772845953 0.6291512915129152 0.14882506527415143 0.024354243542435424
140 0.5058746736292428 0.6892988929889299 0.18929503916449086 0.11070110701107011
52 0.24086161879895562 0.20184501845018452 0.12924281984334204 0.08487084870848709
52 0.7637075718015666 0.2025830258302583 0.12532637075718014 0.08634686346863468
185 0.762402088772846 0.14797047970479704 0.1462140992167102 0.02730627306273063
185 0.24086161879895562 0.14760147601476015 0.1475195822454308 0.026568265682656828
105 0.4960835509138381 0.11992619926199262 0.1906005221932115 0.12472324723247233
97 0.6488250652741514 0.6428044280442804 0.10966057441253264 0.07232472324723248
73 0.6090078328981723 0.47269372693726935 0.12402088772845953 0.09372693726937269
143 0.2734986945169713 0.4055350553505535 0.13185378590078328 0.07306273062730627
136 0.22845953002610966 0.33505535055350555 0.07049608355091384 0.04870848708487085
173 0.3139686684073107 0.35092250922509227 0.11096605744125326 0.1011070110701107
97 0.2885117493472585 0.2981549815498155 0.09660574412532637 0.06642066420664207
98 0.1475195822454308 0.35571955719557197 0.09921671018276762 0.06789667896678966
139 0.49869451697127937 0.7612546125461255 0.20887728459530025 0.03173431734317343