144 0.2402088772845953 0.6121771217712177 0.1514360313315927 0.08487084870848709
144 0.762402088772846 0.611439114391144 0.1514360313315927 0.08929889298892989
146 0.2402088772845953 0.6280442804428045 0.14882506527415143 0.026568265682656828
146 0.7617493472584856 0.6280442804428045 0.15013054830287206 0.023616236162361623
140 0.5078328981723238 0.6878228782287823 0.185378590078329 0.11365313653136531
44 0.6181462140992167 0.9767527675276753 0.7088772845953003 0.04206642066420664
9 0.09530026109660575 0.9605166051660516 0.0783289817232376 0.05977859778597786
169 0.31201044386422977 0.881549815498155 0.185378590078329 0.14686346863468636
160 0.4993472584856397 0.8826568265682657 0.1866840731070496 0.14612546125461254
2 0.6879895561357703 0.8822878228782288 0.1906005221932115 0.14538745387453875
128 0.8772845953002611 0.8822878228782288 0.18798955613577023 0.14538745387453875
52 0.2402088772845953 0.20184501845018452 0.1227154046997389 0.08782287822878229
52 0.7637075718015666 0.2011070110701107 0.1227154046997389 0.08634686346863468
185 0.7617493472584856 0.14797047970479704 0.1475195822454308 0.025830258302583026
185 0.2402088772845953 0.14723247232472325 0.14882506527415143 0.025830258302583026
158 0.2310704960835509 0.1797047970479705 0.06527415143603134 0.043542435424354244
158 0.7526109660574413 0.18044280442804428 0.07180156657963446 0.045018450184501846
105 0.4980417754569191 0.12103321033210332 0.18929503916449086 0.12398523985239852
137 0.7447780678851175 0.38671586715867157 0.07180156657963446 0.0929889298892989
126 0.7238903394255874 0.2833948339483395 0.08485639686684072 0.04870848708487085
176 0.3857702349869452 0.2066420664206642 0.11096605744125326 0.06051660516605166
176 0.639686684073107 0.2051660516605166 0.1227154046997389 0.06346863468634686
87 0.5228459530026109 0.25940959409594094 0.13446475195822455 0.09225092250922509
180 0.5476501305483029 0.2959409594095941 0.0587467362924282 0.05608856088560885