144 0.2402088772845953 0.6121771217712177 0.1514360313315927 0.08487084870848709
144 0.762402088772846 0.611439114391144 0.1514360313315927 0.08929889298892989
146 0.24804177545691905 0.6273062730627307 0.14882506527415143 0.026568265682656828
146 0.77088772845953 0.6287822878228783 0.15013054830287206 0.023616236162361623
140 0.5078328981723238 0.6878228782287823 0.185378590078329 0.11365313653136531
44 0.6181462140992167 0.9767527675276753 0.7088772845953003 0.04206642066420664
129 0.09530026109660575 0.9619926199261992 0.0783289817232376 0.05977859778597786
15 0.30809399477806787 0.8822878228782288 0.185378590078329 0.14686346863468636
169 0.4993472584856397 0.8826568265682657 0.1866840731070496 0.14612546125461254
2 0.6879895561357703 0.8822878228782288 0.1906005221932115 0.14538745387453875
40 0.8772845953002611 0.8822878228782288 0.18798955613577023 0.14538745387453875
52 0.2402088772845953 0.20184501845018452 0.1227154046997389 0.08782287822878229
52 0.7637075718015666 0.2011070110701107 0.1227154046997389 0.08634686346863468
185 0.7617493472584856 0.14649446494464943 0.1475195822454308 0.025830258302583026
158 0.2310704960835509 0.1797047970479705 0.06527415143603134 0.043542435424354244
158 0.7526109660574413 0.18044280442804428 0.07180156657963446 0.045018450184501846
105 0.4980417754569191 0.12103321033210332 0.18929503916449086 0.12398523985239852
87 0.5267624020887729 0.26236162361623616 0.1422976501305483 0.0981549815498155
143 0.7134464751958225 0.4712177121771218 0.13968668407310705 0.07749077490774908
185 0.2402088772845953 0.14649446494464943 0.14882506527415143 0.02730627306273063
180 0.23563968668407312 0.4357933579335793 0.06135770234986945 0.05092250922509225
82 0.8661879895561357 0.26420664206642064 0.11879895561357702 0.08118081180811808
180 0.2845953002610966 0.45166051660516604 0.06788511749347259 0.04870848708487085
14 0.2963446475195822 0.23100369003690036 0.09660574412532637 0.08559409594095942
180 0.2754569190600522 0.38708487084870846 0.05483028720626632 0.05682656826568266
87 0.7199738903394256 0.1077490774907749 0.14490861618798956 0.09003690036900369
69 0.4536553524804178 0.1918819188191882 0.06657963446475196 0.042804428044280446