44 0.6168407310704961 0.9763837638376384 0.706266318537859 0.041328413284132844
16 0.09530026109660575 0.9616236162361623 0.08093994778067885 0.057564575645756455
160 0.31266318537859006 0.8819188191881919 0.18929503916449086 0.14760147601476015
2 0.5 0.8830258302583026 0.18798955613577023 0.14833948339483394
169 0.6873368146214099 0.8837638376383764 0.1866840731070496 0.14981549815498155
40 0.8753263707571801 0.8819188191881919 0.18929503916449086 0.14907749077490776
140 0.5058746736292428 0.688929889298893 0.1866840731070496 0.11143911439114391
144 0.2402088772845953 0.6118081180811809 0.14882506527415143 0.08708487084870849
145 0.7591383812010444 0.6276752767527676 0.15013054830287206 0.07306273062730627
146 0.239556135770235 0.6287822878228783 0.1475195822454308 0.025092250922509225
52 0.239556135770235 0.2022140221402214 0.12402088772845953 0.08708487084870849
52 0.7630548302872062 0.2022140221402214 0.12663185378590078 0.08708487084870849
158 0.23302872062663185 0.18081180811808117 0.07180156657963446 0.04428044280442804
158 0.7539164490861618 0.18081180811808117 0.07180156657963446 0.045756457564575644
105 0.4980417754569191 0.11992619926199262 0.1866840731070496 0.12619926199261994
185 0.762402088772846 0.14649446494464943 0.14882506527415143 0.02730627306273063
185 0.23890339425587467 0.14797047970479704 0.14882506527415143 0.02730627306273063
139 0.49869451697127937 0.7586715867158672 0.20887728459530025 0.03247232472324723
46 0.2506527415143603 0.45018450184501846 0.16449086161879894 0.09003690036900369
166 0.6514360313315927 0.444280442804428 0.10182767624020887 0.08708487084870849
72 0.26762402088772846 0.3944649446494465 0.10182767624020887 0.06715867158671587
143 0.5652741514360313 0.4988929889298893 0.14360313315926893 0.08413284132841328