52 0.7647911227154047 0.19864944649446495 0.16753263707571792 0.1168487084870849
52 0.23390339425587467 0.20049446494464945 0.15447780678851172 0.11070110701107011
180 0.1718798955613577 0.4797121771217712 0.05657963446475194 0.05658302583025836
180 0.7452088772845954 0.46248708487084866 0.06309399477806779 0.061498154981549764
144 0.23607049608355093 0.6143911439114391 0.15447780678851172 0.0873284132841328
144 0.7647911227154047 0.6100885608856088 0.14578328981723246 0.08856088560885608
140 0.5069582245430809 0.6900369003690037 0.19147519582245426 0.11070110701107011
105 0.4982637075718016 0.12177121771217712 0.17842036553524798 0.13529889298892991
8 0.3116057441253264 0.881040590405904 0.1899086161879896 0.14197785977859786
2 0.4985639686684073 0.8825313653136531 0.1927154046997389 0.14391143911439114
15 0.6866318537859009 0.8837638376383764 0.19022193211488256 0.14636900369003686
40 0.8763838120104438 0.8825313653136531 0.19364229765013044 0.14391143911439114
170 0.09464751958224543 0.959409594095941 0.08050913838120105 0.06396309963099636
44 0.29699738903394257 0.9669667896678967 0.06309399477806786 0.026708487084870888
180 0.8387728459530026 0.47540221402214017 0.0587467362924282 0.05781549815498149
96 0.24912532637075718 0.48831734317343173 0.0500391644908616 0.04182287822878234
71 0.7669582245430809 0.4065166051660517 0.04569190600522193 0.0578081180811808
185 0.24151436031331594 0.12177121771217712 0.14795039164490859 0.02952029520295203
185 0.7626240208877284 0.12484870848708486 0.15013054830287206 0.02828782287822877
146 0.2393342036553525 0.6285387453874538 0.14360313315926893 0.02214022140221402
146 0.76588772845953 0.6291512915129152 0.14360313315926893 0.020907749077490722
174 0.2795822454308094 0.3751512915129151 0.05439947780678853 0.036900369003689995
174 0.7245039164490862 0.4150553505535055 0.038511749347258484 0.03554981549815504
174 0.7212402088772847 0.37000738007380074 0.055704960835509236 0.031202952029520274
174 0.31221932114882506 0.3856088560885609 0.03698433420365533 0.0381328413284133
174 0.7016971279373369 0.39175645756457567 0.03265013054830286 0.0381328413284133
39 0.2741514360313316 0.34360885608856084 0.06963446475195827 0.048317343173431754
174 0.741958224543081 0.3979040590405904 0.021749347258485745 0.03812546125461261
180 0.3829373368146214 0.0879409594095941 0.056566579634464806 0.0578081180811808
180 0.4308093994778068 0.07380073800738007 0.04351174934725854 0.03690036900369004
158 0.23390339425587467 0.17773431734317346 0.0674543080939948 0.04059040590405906
158 0.7560966057441253 0.17588929889298893 0.07180156657963446 0.03935793357933578