144 0.2402088772845953 0.6121771217712177 0.1514360313315927 0.08487084870848709
144 0.762402088772846 0.611439114391144 0.1514360313315927 0.08929889298892989
146 0.2402088772845953 0.6280442804428045 0.14882506527415143 0.026568265682656828
146 0.7617493472584856 0.6280442804428045 0.15013054830287206 0.023616236162361623
140 0.5078328981723238 0.6878228782287823 0.185378590078329 0.11365313653136531
44 0.6181462140992167 0.9767527675276753 0.7088772845953003 0.04206642066420664
129 0.09530026109660575 0.9619926199261992 0.0783289817232376 0.05977859778597786
15 0.30809399477806787 0.8822878228782288 0.185378590078329 0.14686346863468636
169 0.4993472584856397 0.8826568265682657 0.1866840731070496 0.14612546125461254
2 0.6879895561357703 0.8822878228782288 0.1906005221932115 0.14538745387453875
40 0.8772845953002611 0.8822878228782288 0.18798955613577023 0.14538745387453875
52 0.2402088772845953 0.20184501845018452 0.1227154046997389 0.08782287822878229
52 0.7637075718015666 0.2011070110701107 0.1227154046997389 0.08634686346863468
185 0.7617493472584856 0.14649446494464943 0.1475195822454308 0.025830258302583026
158 0.2310704960835509 0.1797047970479705 0.06527415143603134 0.043542435424354244
158 0.7526109660574413 0.18044280442804428 0.07180156657963446 0.045018450184501846
105 0.4980417754569191 0.12103321033210332 0.18929503916449086 0.12398523985239852
87 0.5228459530026109 0.25940959409594094 0.13446475195822455 0.09225092250922509
186 0.7121409921671018 0.47195571955719556 0.08224543080939947 0.061254612546125464
19 0.38054830287206265 0.2767527675276753 0.12924281984334204 0.11365313653136531
143 0.6279373368146214 0.503690036900369 0.10443864229765012 0.08634686346863468
185 0.2402088772845953 0.14649446494464943 0.14882506527415143 0.02730627306273063
180 0.445822454308094 0.2738007380073801 0.04569190600522193 0.057564575645756455
82 0.8570496083550914 0.26346863468634685 0.12140992167101827 0.08118081180811808
180 0.47715404699738906 0.2904059040590406 0.0587467362924282 0.05830258302583026
14 0.3766318537859008 0.08377121771217713 0.06657963446475196 0.07895202952029519
180 0.47127937336814624 0.26309963099630995 0.04699738903394256 0.04797047970479705