52 0.7620757180156658 0.19695940959409594 0.17297650130548303 0.11715867158671586
52 0.2418668407310705 0.19603690036900367 0.17134464751958225 0.12084870848708487
144 0.7661618798955614 0.6139335793357934 0.14197127937336815 0.08948339483394833
144 0.2423368146214099 0.6102435424354243 0.14197127937336815 0.09686346863468635
105 0.5009791122715405 0.12039114391143911 0.195822454308094 0.12453874538745388
140 0.5042428198433421 0.690959409594096 0.19908616187989556 0.11992619926199262
44 0.2986292428198433 0.966789667896679 0.06527415143603134 0.02952029520295203
170 0.09383812010443864 0.9589520295202952 0.07996083550913838 0.06365313653136531
8 0.31261096605744126 0.8821180811808118 0.19395561357702348 0.14535793357933582
2 0.4995822454308094 0.8816531365313653 0.18742819843342043 0.14443542435424356
15 0.6871279373368147 0.8823837638376385 0.18719321148825072 0.14852398523985239
40 0.8771279373368146 0.8839630996309963 0.19232375979112262 0.14720295202952033
96 0.7335378590078329 0.3888413284132841 0.060378590078328985 0.048892988929889296
101 0.27904699738903394 0.28505535055350556 0.0587467362924282 0.055350553505535055
180 0.30678851174934724 0.17574169741697418 0.05548302872062663 0.0544280442804428
180 0.32475195822454306 0.14852398523985239 0.05221932114882506 0.046125461254612546
180 0.6511096605744126 0.13976383763837638 0.06201044386422976 0.05996309963099631
180 0.5442297650130549 0.19833948339483395 0.06690600522193212 0.04428044280442804
180 0.5221932114882507 0.22924723247232473 0.0587467362924282 0.03966789667896679
130 0.5197519582245431 0.2652250922509225 0.12565274151436032 0.06365313653136531
39 0.6715143603133159 0.21540959409594096 0.07016971279373369 0.05996309963099631
146 0.23825065274151436 0.6277712177121771 0.15339425587467362 0.026752767527675275
146 0.761266318537859 0.6282287822878229 0.14849869451697129 0.027675276752767528
158 0.23390339425587467 0.17712177121771217 0.07180156657963446 0.04182287822878228
158 0.7539164490861618 0.1765092250922509 0.06745430809399487 0.04059040590405902