145 0.239556135770235 0.6242214022140222 0.14490861618798956 0.07380073800738007
135 0.40600522193211486 0.5059040590405904 0.07049608355091384 0.05092250922509225
170 0.09530026109660575 0.9619261992619926 0.08093994778067885 0.05669372693726949
40 0.31462140992167104 0.8814169741697416 0.18798955613577023 0.14833948339483394
44 0.6181462140992167 0.976619926199262 0.7088772845953003 0.03911439114391144
2 0.4993472584856397 0.8847380073800738 0.1866840731070496 0.14907749077490776
160 0.6879895561357703 0.8828929889298892 0.1906005221932115 0.14833948339483394
128 0.8753263707571801 0.8825239852398523 0.1814621409921671 0.14612546125461254
144 0.7630548302872062 0.6105682656826569 0.14490861618798956 0.08634686346863468
146 0.762402088772846 0.6293874538745388 0.1462140992167102 0.023616236162361623
105 0.5026109660574413 0.11660516605166052 0.2010443864229765 0.13579335793357933
53 0.23825065274151436 0.21439114391143912 0.13968668407310705 0.06715867158671587
52 0.7637075718015666 0.2011070110701107 0.1279373368146214 0.08929889298892989
158 0.7552219321148825 0.17822878228782288 0.07441253263707572 0.037638376383763834
140 0.5065274151436031 0.6870848708487085 0.185378590078329 0.11365313653136531
139 0.5 0.759409594095941 0.206266318537859 0.03247232472324723
86 0.7741514360313316 0.4952029520295203 0.13315926892950392 0.1033210332103321
185 0.7637075718015666 0.14391143911439114 0.1462140992167102 0.025092250922509225
107 0.49869451697127937 0.032103321033210334 0.20365535248041775 0.03173431734317343
137 0.75 0.34760147601476016 0.08485639686684072 0.1003690036900369
171 0.529373368146214 0.5014760147601476 0.1866840731070496 0.09667896678966789
143 0.5319843342036553 0.5383763837638377 0.13185378590078328 0.06420664206642067