180 0.6609007832898173 0.20064944649446495 0.06527415143603134 0.0544280442804428
180 0.32556135770234984 0.21955719557195572 0.06690600522193212 0.05719557195571956
180 0.2921018276762402 0.24354243542435425 0.0685378590078329 0.05719557195571956
144 0.23907310704960835 0.6139335793357934 0.15176240208877284 0.08763837638376384
144 0.7637075718015666 0.6148560885608856 0.15013054830287206 0.08948339483394833
140 0.5026109660574413 0.6891143911439115 0.20234986945169714 0.11070110701107011
52 0.23907310704960835 0.19649446494464945 0.17134464751958225 0.11439114391143912
52 0.7620757180156658 0.1974169741697417 0.1762402088772846 0.11992619926199262
105 0.4977154046997389 0.11992619926199262 0.19255874673629242 0.12546125461254612
170 0.09546997389033941 0.9598745387453875 0.08648825065274152 0.06365313653136531
8 0.31238903394255874 0.8820516605166052 0.19348563968668406 0.14549077490774898
2 0.5002741514360313 0.8838966789667897 0.19255874673629242 0.14549077490774898
15 0.6860835509138381 0.8829077490774907 0.1934856396866841 0.14377859778597799
40 0.875378590078329 0.8825166051660516 0.1934856396866841 0.14456826568265674
44 0.29781984334203654 0.966789667896679 0.06364229765013055 0.025830258302583026
39 0.14442558746736292 0.09501845018450185 0.06690600522193212 0.03690036900369004
39 0.24723237597911227 0.5050774907749077 0.07669712793733681 0.05996309963099631
174 0.747402088772846 0.49031734317343173 0.0489556135770235 0.035977859778597784
174 0.7767624020887729 0.509690036900369 0.0391644908616188 0.03782287822878229
174 0.8102219321148825 0.5239852398523985 0.04406005221932115 0.03690036900369004
174 0.7327023498694517 0.5327527675276753 0.0587467362924282 0.03966789667896679
80 0.7677937336814621 0.08441328413284133 0.060378590078328985 0.04151291512915129
80 0.8338772845953003 0.09271586715867158 0.0587467362924282 0.03413284132841329
80 0.768603133159269 0.10977859778597786 0.03590078328981723 0.023985239852398525
80 0.8420365535248042 0.12177121771217712 0.05221932114882506 0.04059040590405904
71 0.19092689295039164 0.13099630996309963 0.04569190600522193 0.05350553505535055
96 0.8183812010443864 0.24538745387453875 0.057114882506527416 0.03874538745387454
185 0.24151436031331594 0.12223616236162362 0.1468668407310705 0.02859778597785978
185 0.7351566579634464 0.12315867158671587 0.09301566579634465 0.026752767527675275
146 0.23907310704960835 0.6286937269372693 0.15502610966057442 0.02859778597785978
146 0.7604438642297651 0.6282287822878229 0.15013054830287206 0.027675276752767528
158 0.2349869451697128 0.17712177121771217 0.06527415143603134 0.04182287822878228
158 0.755 0.17466420664206642 0.06527415143603134 0.0418228782287823