144 0.7493472584856397 0.6065018450184502 0.14360313315926893 0.08265682656826569
159 0.37989556135770236 0.1752767527675277 0.30548302872062666 0.13505535055350554
144 0.24934725848563968 0.607239852398524 0.14360313315926893 0.08265682656826569
146 0.2519582245430809 0.6197859778597785 0.1409921671018277 0.023616236162361623
105 0.5045691906005222 0.13062730627306274 0.15274151436031333 0.12398523985239852
53 0.25130548302872063 0.22952029520295203 0.14490861618798956 0.07232472324723248
53 0.7493472584856397 0.22767527675276752 0.1279373368146214 0.06420664206642067
146 0.7532637075718016 0.618450184501845 0.1409921671018277 0.02214022140221402
140 0.5006527415143603 0.6774907749077491 0.13968668407310705 0.1018450184501845
107 0.5 0.052029520295202955 0.195822454308094 0.033210332103321034
136 0.3674934725848564 0.1793357933579336 0.07702349869451697 0.05166051660516605
108 0.22845953002610966 0.4261992619926199 0.10443864229765012 0.05830258302583026
136 0.4314621409921671 0.16974169741697417 0.07702349869451697 0.05166051660516605
174 0.3381201044386423 0.2011070110701107 0.05221932114882506 0.03911439114391144
138 0.6031331592689295 0.474169741697417 0.05221932114882506 0.03911439114391144
157 0.2591383812010444 0.37822878228782286 0.07180156657963446 0.03616236162361624
120 0.5006527415143603 0.33690036900369 0.7245430809399478 0.05682656826568266
147 0.4027415143603133 0.13542435424354243 0.06657963446475196 0.04649446494464945