53 0.2402088772845953 0.21660516605166052 0.1514360313315927 0.07011070110701106
144 0.23694516971279372 0.6140221402214022 0.14490861618798956 0.08413284132841328
144 0.7597911227154047 0.6143911439114391 0.1514360313315927 0.08634686346863468
140 0.5058746736292428 0.6878228782287823 0.1919060052219321 0.11512915129151291
146 0.239556135770235 0.6280442804428045 0.1475195822454308 0.023616236162361623
146 0.7610966057441253 0.6284132841328414 0.1514360313315927 0.025830258302583026
139 0.4980417754569191 0.759409594095941 0.21018276762402088 0.03247232472324723
169 0.31201044386422977 0.88290036900369 0.18798955613577023 0.14809594095940964
40 0.5 0.8827822878228783 0.18798955613577023 0.14833948339483394
15 0.6892950391644909 0.8827822878228783 0.1906005221932115 0.14833948339483394
128 0.8759791122715405 0.8831512915129152 0.18798955613577023 0.14464944649446496
44 0.6201044386422977 0.976509225092251 0.7049608355091384 0.04059040590405904
3 0.0933420365535248 0.9613800738007381 0.08224543080939947 0.05904059040590406
52 0.7617493472584856 0.19557195571955718 0.17101827676240208 0.11808118081180811
185 0.7617493472584856 0.11734317343173432 0.15013054830287206 0.02952029520295203
105 0.5019582245430809 0.12324723247232472 0.18407310704960836 0.11660516605166052
107 0.4980417754569191 0.02374169741697417 0.20757180156657964 0.032221402214022137
28 0.7597911227154047 0.17269372693726937 0.08616187989556136 0.057564575645756455
135 0.7265013054830287 0.42915129151291515 0.07963446475195822 0.04797047970479705
143 0.3642297650130548 0.6763837638376384 0.13838120104438642 0.07601476014760147
143 0.35900783289817234 0.15239852398523984 0.13577023498694518 0.07306273062730627
13 0.3714099216710183 0.16346863468634687 0.03524804177545692 0.02730627306273063
13 0.3002610966057441 0.16974169741697417 0.04699738903394256 0.02952029520295203
13 0.2689295039164491 0.14243542435424356 0.044386422976501305 0.03394833948339483
13 0.3283289817232376 0.11439114391143912 0.07441253263707572 0.02952029520295203
13 0.39033942558746737 0.13136531365313653 0.044386422976501305 0.03099630996309963