44 0.6176631853785901 0.9760147601476015 0.7065926892950392 0.04059040590405904
40 0.3113577023498694 0.8822140221402215 0.1866840731070496 0.14819926199261987
128 0.5 0.8821476014760147 0.18798955613577023 0.14833948339483394
169 0.8746736292428199 0.8817785977859778 0.18798955613577023 0.14907749077490776
144 0.23890339425587467 0.6101918819188191 0.14882506527415143 0.08708487084870849
144 0.762402088772846 0.6109298892988929 0.1462140992167102 0.08560885608856089
146 0.23825065274151436 0.6242140221402214 0.1475195822454308 0.023616236162361623
105 0.5019582245430809 0.11918819188191881 0.15274151436031333 0.12029520295202951
53 0.23563968668407312 0.222140221402214 0.14490861618798956 0.07232472324723248
52 0.7597911227154047 0.2011070110701107 0.1279373368146214 0.08634686346863468
185 0.7617493472584856 0.14686346863468636 0.1475195822454308 0.025092250922509225
3 0.09399477806788512 0.9618081180811808 0.08093994778067885 0.05830258302583026
158 0.7721932114882507 0.17785977859778598 0.07180156657963446 0.03985239852398524
146 0.7617493472584856 0.6250922509225092 0.1475195822454308 0.02214022140221402
143 0.3093994778067885 0.21439114391143912 0.1279373368146214 0.07158671586715867
147 0.3622715404699739 0.13394833948339482 0.08224543080939947 0.08044280442804429
142 0.34595300261096606 0.13579335793357933 0.057441253263707574 0.03690036900369004
142 0.3838120104438642 0.15608856088560885 0.06005221932114883 0.043542435424354244
142 0.4177545691906005 0.17121771217712178 0.06266318537859007 0.042804428044280446
140 0.5 0.6856088560885609 0.14882506527415143 0.1047970479704797
137 0.7695822454308094 0.35756457564575644 0.07180156657963446 0.08929889298892989
135 0.46736292428198434 0.3047970479704797 0.07049608355091384 0.035424354243542434
107 0.4993472584856397 0.03136531365313653 0.20496083550913838 0.033210332103321034
150 0.6879895561357703 0.8814095940959409 0.185378590078329 0.14833948339483394