160 0.3125065274151436 0.8788782287822879 0.19092689295039164 0.1411439114391144
40 0.6870104438642297 0.8823837638376385 0.1860313315926893 0.1466789667896679
150 0.8763054830287206 0.8828413284132841 0.18276762402088773 0.14760147601476015
169 0.495757180156658 0.8833062730627307 0.1866840731070496 0.1466789667896679
3 0.09383812010443864 0.9515719557195573 0.07996083550913838 0.03782287822878229
137 0.2734986945169713 0.21697416974169742 0.12467362924281984 0.1088560885608856
144 0.23988250652741513 0.6134686346863468 0.15339425587467362 0.09040590405904059
144 0.761266318537859 0.6157785977859779 0.1452349869451697 0.08763837638376384
146 0.2423368146214099 0.6277712177121771 0.15176240208877284 0.024907749077490774
146 0.7637075718015666 0.6277712177121771 0.15013054830287206 0.026752767527675275
107 0.5 0.023985239852398525 0.20887728459530025 0.03468634686346864
105 0.5006527415143603 0.12066420664206642 0.1866840731070496 0.12029520295202951
52 0.7610966057441253 0.1970479704797048 0.17232375979112272 0.11955719557195572
28 0.7630548302872062 0.1752767527675277 0.08224543080939947 0.05830258302583026
185 0.7637075718015666 0.11771217712177122 0.1514360313315927 0.028782287822878228
53 0.23825065274151436 0.2140221402214022 0.15796344647519583 0.07380073800738007
140 0.5078328981723238 0.6863468634686347 0.1906005221932115 0.11660516605166052
139 0.49738903394255873 0.7590405904059041 0.21148825065274152 0.033210332103321034
142 0.2545691906005222 0.2867158671586716 0.06266318537859007 0.04206642066420664
142 0.2963446475195822 0.26826568265682654 0.06005221932114883 0.04206642066420664
44 0.6207571801566579 0.9752767527675277 0.7088772845953003 0.04206642066420664
100 0.29308093994778067 0.2567749077490775 0.0926892950391645 0.06947601476014759
20 0.8093994778067886 0.23247232472324722 0.06266318537859007 0.06346863468634686
17 0.7140992167101827 0.25571955719557193 0.09138381201044386 0.07158671586715867
13 0.23433420365535249 0.2066420664206642 0.04308093994778068 0.03690036900369004
13 0.1475195822454308 0.2099630996309963 0.04177545691906005 0.03025830258302583
13 0.1821148825065274 0.1948339483394834 0.04308093994778068 0.03247232472324723
13 0.25261096605744127 0.22804428044280442 0.04046997389033943 0.03394833948339483
13 0.19778067885117492 0.21734317343173432 0.04046997389033943 0.02730627306273063
11 0.3328981723237598 0.31881918819188193 0.1174934725848564 0.05018450184501845