155 0.6174934725848564 0.6476014760147601 0.3289817232375979 0.15276752767527677
52 0.24151436031331594 0.2014760147601476 0.1227154046997389 0.08560885608856089
52 0.7643603133159269 0.2014760147601476 0.12140992167101827 0.08560885608856089
185 0.239556135770235 0.14723247232472325 0.1475195822454308 0.025830258302583026
185 0.7630548302872062 0.14686346863468636 0.1475195822454308 0.025092250922509225
105 0.49673629242819844 0.12066420664206642 0.18407310704960836 0.12472324723247233
9 0.09464751958224543 0.9616236162361623 0.08224543080939947 0.057564575645756455
44 0.6168407310704961 0.9752767527675277 0.706266318537859 0.04059040590405904
169 0.31201044386422977 0.8819188191881919 0.1906005221932115 0.14612546125461254
51 0.4993472584856397 0.8833948339483395 0.18407310704960836 0.14907749077490776
160 0.6866840731070496 0.8830258302583026 0.18798955613577023 0.14686346863468636
2 0.8753263707571801 0.8822878228782288 0.18929503916449086 0.14833948339483394
144 0.239556135770235 0.6125461254612546 0.15274151436031333 0.08708487084870849
144 0.7630548302872062 0.6121771217712177 0.1475195822454308 0.08782287822878229
146 0.23890339425587467 0.6284132841328414 0.1514360313315927 0.024354243542435424
146 0.762402088772846 0.6284132841328414 0.14882506527415143 0.024354243542435424
140 0.5058746736292428 0.6881918819188192 0.1866840731070496 0.11291512915129151
158 0.2297650130548303 0.181549815498155 0.07049608355091384 0.045756457564575644
158 0.7682767624020888 0.18081180811808117 0.06919060052219321 0.042804428044280446
75 0.8537859007832899 0.11439114391143912 0.12532637075718014 0.1003690036900369
182 0.5006527415143603 0.2523985239852399 0.10574412532637076 0.07380073800738007
71 0.8009138381201044 0.3324723247232472 0.050913838120104436 0.04797047970479705
104 0.15469973890339425 0.3948339483394834 0.1422976501305483 0.07675276752767528
42 0.2591383812010444 0.4712177121771218 0.1031331592689295 0.06273062730627306
139 0.49738903394255873 0.7590405904059041 0.20887728459530025 0.03025830258302583
42 0.19255874673629242 0.36309963099631 0.07180156657963446 0.041328413284132844