44 0.6176631853785901 0.9760147601476015 0.7065926892950392 0.04059040590405904
51 0.3113577023498694 0.8822140221402215 0.1866840731070496 0.14819926199261987
128 0.5 0.8821476014760147 0.18798955613577023 0.14833948339483394
169 0.8746736292428199 0.8817785977859778 0.18798955613577023 0.14907749077490776
144 0.23890339425587467 0.6101918819188191 0.14882506527415143 0.08708487084870849
144 0.762402088772846 0.6109298892988929 0.1462140992167102 0.08560885608856089
146 0.23825065274151436 0.6242140221402214 0.1475195822454308 0.023616236162361623
105 0.5019582245430809 0.11918819188191881 0.15274151436031333 0.12029520295202951
53 0.23563968668407312 0.222140221402214 0.14490861618798956 0.07232472324723248
52 0.7597911227154047 0.2011070110701107 0.1279373368146214 0.08634686346863468
185 0.7617493472584856 0.14686346863468636 0.1475195822454308 0.025092250922509225
41 0.09399477806788512 0.9618081180811808 0.08093994778067885 0.05830258302583026
158 0.7565274151436031 0.17712177121771217 0.07180156657963446 0.03985239852398524
146 0.7617493472584856 0.6250922509225092 0.1475195822454308 0.02214022140221402
143 0.2819843342036554 0.25387453874538746 0.1227154046997389 0.07084870848708487
147 0.2891644908616188 0.17675276752767527 0.07702349869451697 0.07749077490774908
142 0.28524804177545693 0.18265682656826568 0.06135770234986945 0.04059040590405904
142 0.3328981723237598 0.1907749077490775 0.06005221932114883 0.04206642066420664
142 0.38838120104438645 0.18450184501845018 0.0639686684073107 0.03985239852398524
140 0.5 0.6856088560885609 0.14882506527415143 0.1047970479704797
137 0.7617493472584856 0.4180811808118081 0.06919060052219321 0.09225092250922509
150 0.6879895561357703 0.8814095940959409 0.185378590078329 0.14833948339483394