52 0.7604438642297651 0.19864944649446495 0.1762402088772846 0.1168487084870849
52 0.23577023498694516 0.20049446494464945 0.15821148825065273 0.11070110701107011
180 0.27088772845953 0.3301107011070111 0.05439947780678853 0.058118081180811805
180 0.2784986945169713 0.2988929889298893 0.0478720626631854 0.05166051660516605
180 0.3524804177545692 0.3105756457564576 0.056579634464752 0.057808118081180845
180 0.6951697127937336 0.33251660516605164 0.06309399477806786 0.05084132841328412
180 0.7169321148825065 0.27942435424354245 0.0587467362924282 0.04551291512915126
101 0.2518407310704961 0.4392619926199262 0.06201044386422976 0.048892988929889296
39 0.7281592689295039 0.3682287822878229 0.07108355091383818 0.05811808118081185
144 0.23607049608355093 0.6143911439114391 0.15447780678851172 0.0873284132841328
144 0.7647911227154047 0.6100885608856088 0.14578328981723246 0.08856088560885608
140 0.5069582245430809 0.6900369003690037 0.19147519582245426 0.11070110701107011
105 0.4982637075718016 0.12177121771217712 0.17842036553524798 0.13529889298892991
8 0.3116057441253264 0.881040590405904 0.1899086161879896 0.14197785977859786
2 0.4985639686684073 0.8820073800738006 0.1889817232375979 0.14496678966789656
15 0.6856919060052219 0.8827084870848708 0.1920887728459529 0.148479704797048
40 0.8763838120104438 0.8820073800738006 0.19364229765013044 0.14496678966789656
170 0.09464751958224543 0.959409594095941 0.08050913838120105 0.06396309963099636
44 0.29699738903394257 0.9643321033210333 0.06309399477806786 0.03197785977859773
180 0.7125718015665797 0.3089372693726937 0.05439947780678861 0.04633210332103319
80 0.48411227154046993 0.22093726937269373 0.0587467362924282 0.050125461254612515
80 0.5580939947780679 0.21894464944649447 0.0587467362924282 0.03935793357933582
80 0.4884725848563969 0.18511439114391148 0.06309399477806794 0.04059040590405906
80 0.559177545691906 0.1858819188191882 0.06962140992167107 0.040900369003690026
185 0.2393342036553525 0.1246420664206642 0.15086161879895563 0.02788191881918817
185 0.7608093994778068 0.1246420664206642 0.14939947780678858 0.02788191881918817
146 0.23716710182767622 0.6281254612546125 0.15231070496083554 0.026243542435424313
146 0.7615274151436032 0.6285387453874538 0.14795039164490853 0.02214022140221402
96 0.7452088772845954 0.5399778597785978 0.05003916449086152 0.02952029520295203
158 0.23280678851174935 0.17712177121771217 0.06527415143603134 0.04182287822878228
158 0.7571801566579635 0.17712177121771217 0.06092689295039174 0.0393579335793358