144 0.2402088772845953 0.6121771217712177 0.1514360313315927 0.08487084870848709
144 0.762402088772846 0.611439114391144 0.1514360313315927 0.08929889298892989
146 0.2402088772845953 0.6280442804428045 0.14882506527415143 0.026568265682656828
146 0.7617493472584856 0.6280442804428045 0.15013054830287206 0.023616236162361623
140 0.5078328981723238 0.6878228782287823 0.185378590078329 0.11365313653136531
44 0.6181462140992167 0.9767527675276753 0.7088772845953003 0.04206642066420664
16 0.09530026109660575 0.9619926199261992 0.0783289817232376 0.05977859778597786
8 0.30809399477806787 0.8822878228782288 0.185378590078329 0.14686346863468636
150 0.4993472584856397 0.8826568265682657 0.1866840731070496 0.14612546125461254
2 0.6879895561357703 0.8822878228782288 0.1906005221932115 0.14538745387453875
40 0.8772845953002611 0.8822878228782288 0.18798955613577023 0.14538745387453875
52 0.2402088772845953 0.20184501845018452 0.1227154046997389 0.08782287822878229
52 0.7637075718015666 0.2011070110701107 0.1227154046997389 0.08634686346863468
185 0.7617493472584856 0.14797047970479704 0.1475195822454308 0.025830258302583026
185 0.2402088772845953 0.14723247232472325 0.14882506527415143 0.025830258302583026
158 0.2310704960835509 0.1797047970479705 0.06527415143603134 0.043542435424354244
158 0.7526109660574413 0.18044280442804428 0.07180156657963446 0.045018450184501846
105 0.4980417754569191 0.12103321033210332 0.18929503916449086 0.12398523985239852
126 0.7930809399477807 0.4738007380073801 0.08224543080939947 0.06494464944649446
176 0.3492167101827676 0.4018450184501845 0.10574412532637076 0.05239852398523985
176 0.7049608355091384 0.388929889298893 0.09921671018276762 0.05461254612546126
87 0.5228459530026109 0.25940959409594094 0.13446475195822455 0.09225092250922509
147 0.7245430809399478 0.4870848708487085 0.09399477806788512 0.0929889298892989
142 0.2859007832898172 0.48560885608856086 0.057441253263707574 0.04870848708487085
142 0.37597911227154046 0.4944649446494465 0.06005221932114883 0.04428044280442804
142 0.3322454308093995 0.4870848708487085 0.05613577023498695 0.045756457564575644
159 0.6592689295039165 0.6044280442804428 0.28720626631853785 0.14022140221402213
69 0.3962140992167102 0.31439114391143913 0.07702349869451697 0.06051660516605166