145 0.2402088772845953 0.6284132841328414 0.1514360313315927 0.07749077490774908
145 0.758485639686684 0.625830258302583 0.1514360313315927 0.07527675276752767
52 0.2402088772845953 0.20184501845018452 0.1227154046997389 0.08782287822878229
52 0.7637075718015666 0.2011070110701107 0.1227154046997389 0.08634686346863468
185 0.7617493472584856 0.14797047970479704 0.1475195822454308 0.025830258302583026
158 0.2310704960835509 0.1797047970479705 0.06527415143603134 0.043542435424354244
158 0.7526109660574413 0.18044280442804428 0.07180156657963446 0.045018450184501846
105 0.4980417754569191 0.12103321033210332 0.18929503916449086 0.12398523985239852
185 0.2402088772845953 0.14797047970479704 0.14882506527415143 0.02730627306273063
107 0.5 0.03394833948339483 0.206266318537859 0.028044280442804426
180 0.6671018276762402 0.5431734317343173 0.06527415143603134 0.057564575645756455
126 0.566579634464752 0.6498154981549815 0.07571801566579635 0.04797047970479705
176 0.35704960835509136 0.5413284132841328 0.10574412532637076 0.05682656826568266
57 0.24086161879895562 0.4774907749077491 0.11096605744125326 0.1018450184501845
83 0.6220626631853786 0.6863468634686347 0.06135770234986945 0.06346863468634686
10 0.5913838120104439 0.6627306273062731 0.04960835509138381 0.03394833948339483
69 0.5522193211488251 0.4062730627306273 0.06266318537859007 0.04206642066420664
10 0.6422976501305483 0.6564575645756457 0.06266318537859007 0.05387453874538745
141 0.5013054830287206 0.6892988929889299 0.185378590078329 0.11365313653136531