44 0.6168407310704961 0.9763837638376384 0.706266318537859 0.041328413284132844
129 0.09530026109660575 0.9616236162361623 0.08093994778067885 0.057564575645756455
160 0.31266318537859006 0.8819188191881919 0.18929503916449086 0.14760147601476015
51 0.5 0.8830258302583026 0.18798955613577023 0.14833948339483394
15 0.6873368146214099 0.8837638376383764 0.1866840731070496 0.14981549815498155
40 0.8753263707571801 0.8819188191881919 0.18929503916449086 0.14907749077490776
140 0.5058746736292428 0.688929889298893 0.1866840731070496 0.11143911439114391
145 0.2402088772845953 0.6261992619926199 0.14882506527415143 0.07011070110701106
145 0.7591383812010444 0.6276752767527676 0.15013054830287206 0.07306273062730627
52 0.239556135770235 0.2022140221402214 0.12402088772845953 0.08708487084870849
52 0.7630548302872062 0.2022140221402214 0.12663185378590078 0.08708487084870849
158 0.23302872062663185 0.18081180811808117 0.07180156657963446 0.04428044280442804
158 0.7539164490861618 0.18081180811808117 0.07180156657963446 0.045756457564575644
105 0.4980417754569191 0.11992619926199262 0.1866840731070496 0.12619926199261994
185 0.762402088772846 0.14649446494464943 0.14882506527415143 0.02730627306273063
185 0.23890339425587467 0.14797047970479704 0.14882506527415143 0.02730627306273063
139 0.49869451697127937 0.7586715867158672 0.20887728459530025 0.03247232472324723
112 0.3368146214099217 0.3675276752767528 0.06527415143603134 0.057564575645756455
46 0.2584856396866841 0.3896678966789668 0.15926892950391644 0.09003690036900369
48 0.35574412532637073 0.6734317343173432 0.050913838120104436 0.03468634686346864
48 0.3870757180156658 0.6867158671586716 0.050913838120104436 0.033210332103321034
113 0.34399477806788514 0.3081180811808118 0.06657963446475196 0.055350553505535055
47 0.27219321148825065 0.33468634686346865 0.15796344647519583 0.08487084870848709
48 0.41840731070496084 0.6690036900369004 0.03524804177545692 0.028782287822878228
72 0.6279373368146214 0.3324723247232472 0.10966057441253264 0.06420664206642067
147 0.4308093994778068 0.5952029520295203 0.08877284595300261 0.06273062730627306