145 0.2402088772845953 0.6202952029520296 0.1514360313315927 0.07749077490774908
144 0.762402088772846 0.611439114391144 0.1514360313315927 0.08929889298892989
146 0.7630548302872062 0.6280442804428045 0.15013054830287206 0.023616236162361623
140 0.5078328981723238 0.6878228782287823 0.185378590078329 0.11365313653136531
44 0.6181462140992167 0.9767527675276753 0.7088772845953003 0.04206642066420664
170 0.09530026109660575 0.9619926199261992 0.0783289817232376 0.05977859778597786
8 0.30809399477806787 0.8822878228782288 0.185378590078329 0.14686346863468636
15 0.4993472584856397 0.8826568265682657 0.1866840731070496 0.14612546125461254
150 0.6879895561357703 0.8822878228782288 0.1906005221932115 0.14538745387453875
40 0.8772845953002611 0.8822878228782288 0.18798955613577023 0.14538745387453875
52 0.2402088772845953 0.20184501845018452 0.1227154046997389 0.08782287822878229
52 0.7637075718015666 0.2011070110701107 0.1227154046997389 0.08634686346863468
185 0.7617493472584856 0.14649446494464943 0.1475195822454308 0.025830258302583026
158 0.2310704960835509 0.1797047970479705 0.06527415143603134 0.043542435424354244
158 0.7526109660574413 0.18044280442804428 0.07180156657963446 0.045018450184501846
105 0.4980417754569191 0.12103321033210332 0.18929503916449086 0.12398523985239852
185 0.2402088772845953 0.14649446494464943 0.14882506527415143 0.02730627306273063
107 0.5 0.03394833948339483 0.206266318537859 0.028044280442804426
19 0.5234986945169713 0.25350553505535056 0.12532637075718014 0.1099630996309963
58 0.6840731070496083 0.26605166051660517 0.1122715404699739 0.07306273062730627
126 0.25326370757180156 0.4357933579335793 0.08093994778067885 0.033210332103321034
87 0.3348563968668407 0.30553505535055353 0.13968668407310705 0.0988929889298893
137 0.737597911227154 0.35129151291512917 0.0835509138381201 0.09003690036900369
139 0.4993472584856397 0.7590405904059041 0.21018276762402088 0.033210332103321034
142 0.16775456919060053 0.44612546125461255 0.05613577023498695 0.043542435424354244
142 0.25 0.46383763837638375 0.06919060052219321 0.037638376383763834
142 0.2160574412532637 0.44095940959409596 0.05352480417754569 0.03911439114391144
147 0.7095300261096605 0.5199261992619926 0.1031331592689295 0.06568265682656826
180 0.3328981723237598 0.33468634686346865 0.06266318537859007 0.04944649446494465
180 0.6795039164490861 0.14501845018450185 0.07702349869451697 0.05830258302583026
159 0.7147519582245431 0.4114391143911439 0.3276762402088773 0.14833948339483394