100 0.22672323759791121 0.41056088560885606 0.11531331592689292 0.06484132841328406
52 0.23964751958224542 0.19662730627306274 0.16971279373368145 0.11491512915129154
51 0.3133159268929504 0.8808634686346863 0.19022193211488256 0.1423321033210333
15 0.49981723237597914 0.8840295202952029 0.19022193211488256 0.14443542435424356
128 0.6863054830287206 0.8856088560885609 0.19022193211488256 0.14760147601476015
150 0.8765404699738902 0.8845535055350553 0.19022193211488256 0.14549077490774898
144 0.23964751958224542 0.6136014760147601 0.14733681462140993 0.08434686346863465
144 0.7637075718015666 0.6141254612546125 0.1473368146214098 0.08539483394833951
146 0.23964751958224542 0.6278302583025831 0.15105744125326367 0.02635424354243545
146 0.7637075718015666 0.6273062730627307 0.1473368146214098 0.0253062730627306
139 0.49887728459530023 0.7590922509225092 0.21074412532637085 0.03584501845018454
140 0.5044778067885117 0.6868708487084871 0.195822454308094 0.11491512915129154
52 0.7627806788511748 0.19609594095940958 0.16784595300261088 0.11386715867158669
28 0.23964751958224542 0.17290774907749076 0.09511749347258487 0.05271586715867159
185 0.24151436031331594 0.11650184501845019 0.14733681462140993 0.0242509225092251
185 0.7637075718015666 0.11755719557195571 0.1473368146214098 0.02635424354243541
105 0.5026109660574413 0.12124723247232472 0.1846344647519583 0.11808118081180811
137 0.2760182767624021 0.273070110701107 0.0783289817232376 0.1033210332103321
56 0.7254830287206266 0.3036457564575646 0.05968668407310709 0.08012546125461259
142 0.6956266318537859 0.4670479704797048 0.05593994778067881 0.04639852398523977
9 0.09511749347258486 0.960988929889299 0.08206266318537858 0.06008856088560891
142 0.7683681462140993 0.4802287822878229 0.055953002610965925 0.045335793357933626
142 0.8140731070496084 0.46704059040590407 0.06527415143603134 0.04217712177121778
135 0.29279373368146216 0.5556088560885609 0.07459530026109659 0.04638376383763831
138 0.7161618798955615 0.5471881918819188 0.06712793733681471 0.03584501845018445
147 0.16969973890339426 0.6278376383763837 0.0820496083550914 0.05587453874538748
159 0.24151436031331594 0.3247232472324723 0.30771540469973896 0.13916605166051657
28 0.7590469973890339 0.1744870848708487 0.08579634464751962 0.047446494464944644
44 0.6168407310704961 0.9760147601476015 0.7049608355091384 0.03874538745387454