144 0.2423368146214099 0.6134686346863468 0.14849869451697129 0.08856088560885608
52 0.7620757180156658 0.19557195571955718 0.17297650130548303 0.11623616236162361
52 0.24151436031331594 0.19557195571955718 0.1664490861618799 0.11439114391143912
80 0.5638120104438642 0.6457564575645757 0.057114882506527416 0.046125461254612546
180 0.6755874673629243 0.5438228782287823 0.06201044386422976 0.0544280442804428
180 0.7637075718015666 0.5765682656826568 0.0587467362924282 0.05350553505535055
180 0.737597911227154 0.5512029520295203 0.0489556135770235 0.04151291512915129
174 0.7098694516971279 0.6328413284132841 0.0489556135770235 0.03874538745387454
80 0.25539164490861616 0.46494464944649444 0.057114882506527416 0.042435424354243544
80 0.2064360313315927 0.46955719557195574 0.057114882506527416 0.04059040590405904
80 0.2243864229765013 0.4381918819188192 0.060378590078328985 0.02952029520295203
80 0.2219451697127937 0.41789667896678967 0.0587467362924282 0.03690036900369004
39 0.27171018276762404 0.37131365313653136 0.07343342036553525 0.0544280442804428
64 0.8012402088772846 0.256 0.04569190600522193 0.052583025830258305
140 0.505065274151436 0.689579335793358 0.19092689295039164 0.10977859778597786
8 0.31343342036553523 0.8823837638376385 0.19511749347258484 0.1466789667896679
2 0.5001697127937337 0.8820516605166052 0.19326370757180153 0.14364575645756447
15 0.6872454308093994 0.8819852398523985 0.19116187989556144 0.14377859778597799
40 0.8757310704960835 0.8825756457564576 0.19372062663185363 0.14259040590405908
170 0.09383812010443864 0.9589520295202952 0.07996083550913838 0.06549815498154982
44 0.2986292428198433 0.9677121771217713 0.0587467362924282 0.027675276752767528
146 0.23988250652741513 0.6282287822878229 0.1468668407310705 0.02029520295202952
185 0.21296344647519583 0.12453874538745388 0.09627937336814621 0.025830258302583026
105 0.4993472584856397 0.11900369003690037 0.19255874673629242 0.12361623616236163
145 0.7645300261096606 0.6228265682656826 0.14849869451697129 0.07169003690036908
180 0.31494778067885115 0.18081180811808117 0.0489556135770235 0.04797047970479705
101 0.716396866840731 0.25276752767527677 0.06201044386422976 0.05904059040590406
80 0.6143994778067885 0.6429889298892989 0.040796344647519585 0.04797047970479705
64 0.6959921671018277 0.2200221402214022 0.05385117493472585 0.052583025830258305
64 0.8151174934725849 0.22416974169741696 0.04406005221932115 0.04797047970479705
180 0.3435117493472585 0.14022140221402213 0.060378590078328985 0.05350553505535055
180 0.3198433420365535 0.15175645756457565 0.04569190600522193 0.04151291512915129
185 0.7641644908616189 0.12453874538745388 0.14779373368146217 0.025830258302583026
139 0.4993472584856397 0.757380073800738 0.21214099216710183 0.03690036900369004
158 0.23607049608355093 0.17588929889298893 0.0674543080939948 0.0418228782287823
158 0.7571801566579635 0.17712177121771217 0.06527415143603134 0.0393579335793358
174 0.7188381201044386 0.5825682656826568 0.040796344647519585 0.04151291512915129