9 0.09464751958224543 0.9621771217712177 0.08485639686684072 0.05904059040590406
44 0.6176631853785901 0.9760147601476015 0.7065926892950392 0.04059040590405904
160 0.3113577023498694 0.8822140221402215 0.1866840731070496 0.14819926199261987
169 0.5 0.8821476014760147 0.18798955613577023 0.14833948339483394
2 0.6879895561357703 0.8814095940959409 0.185378590078329 0.14833948339483394
40 0.8766318537859008 0.8817785977859778 0.18929503916449086 0.14907749077490776
144 0.23694516971279372 0.6109298892988929 0.1475195822454308 0.08708487084870849
144 0.7591383812010444 0.6116678966789667 0.15013054830287206 0.08560885608856089
146 0.23694516971279372 0.6286420664206641 0.1475195822454308 0.023616236162361623
146 0.758485639686684 0.6279040590405903 0.1462140992167102 0.023616236162361623
105 0.49869451697127937 0.12177121771217712 0.19321148825065274 0.12250922509225093
52 0.2362924281984334 0.2011070110701107 0.12532637075718014 0.09225092250922509
52 0.7597911227154047 0.1988929889298893 0.1279373368146214 0.0907749077490775
158 0.75 0.17601476014760148 0.07441253263707572 0.037638376383763834
158 0.2245430809399478 0.17638376383763837 0.0731070496083551 0.03690036900369004
185 0.23825065274151436 0.14428044280442803 0.1475195822454308 0.025830258302583026
185 0.7604438642297651 0.14391143911439114 0.1475195822454308 0.025092250922509225
143 0.7336814621409922 0.5140221402214022 0.13054830287206268 0.07453874538745388
140 0.5071801566579635 0.6881918819188192 0.1814621409921671 0.11291512915129151
121 0.7513054830287206 0.3974169741697417 0.11096605744125326 0.08339483394833948
45 0.1429503916449086 0.12140221402214021 0.12140992167101827 0.08339483394833948
45 0.8577023498694517 0.12177121771217712 0.1174934725848564 0.08265682656826569
131 0.7356396866840731 0.45129151291512914 0.10835509138381201 0.05387453874538745
179 0.2506527415143603 0.4195571955719557 0.12010443864229765 0.0981549815498155
62 0.1912532637075718 0.24391143911439114 0.08746736292428199 0.0907749077490775
62 0.28133159268929503 0.25350553505535056 0.08746736292428199 0.0907749077490775
62 0.29569190600522194 0.21881918819188192 0.08485639686684072 0.07011070110701106
62 0.7212793733681462 0.26014760147601473 0.08746736292428199 0.0907749077490775
62 0.7134464751958225 0.22804428044280442 0.08485639686684072 0.06937269372693727
62 0.837467362924282 0.22066420664206643 0.08746736292428199 0.0974169741697417