2 0.3125065274151436 0.8814612546125462 0.18766318537859009 0.14852398523985239
51 0.5001697127937337 0.8814612546125462 0.19092689295039164 0.14852398523985239
8 0.6899477806788512 0.8819188191881919 0.18929503916449086 0.14760147601476015
137 0.8746736292428199 0.8819188191881919 0.18276762402088773 0.14760147601476015
41 0.09464751958224543 0.9612546125461254 0.08485639686684072 0.05719557195571956
44 0.6168407310704961 0.976479704797048 0.7114882506527415 0.03966789667896679
144 0.2410313315926893 0.6130996309963099 0.14849869451697129 0.08487084870848709
144 0.7622454308093994 0.6112546125461255 0.1491514360313316 0.08597785977859779
140 0.505065274151436 0.6872693726937269 0.19092689295039164 0.11254612546125461
52 0.2327023498694517 0.1992619926199262 0.13838120104438642 0.09225092250922509
52 0.755065274151436 0.19972693726937268 0.14131853785900783 0.09132841328413284
185 0.23988250652741513 0.14428044280442803 0.1468668407310705 0.025092250922509225
185 0.7637075718015666 0.14391143911439114 0.1468668407310705 0.023985239852398525
27 0.21638381201044388 0.18874538745387454 0.1077023498694517 0.06088560885608856
27 0.7390731070496084 0.1881918819188192 0.1054177545691906 0.06420664206642067
105 0.5034334203655353 0.12177121771217712 0.19745430809399478 0.12361623616236163
146 0.239556135770235 0.6284132841328414 0.1475195822454308 0.022878228782287822
146 0.7617493472584856 0.6284132841328414 0.1475195822454308 0.021402214022140223
142 0.3178851174934726 0.37785977859778597 0.05613577023498695 0.04428044280442804
163 0.7369451697127938 0.470479704797048 0.13185378590078328 0.06420664206642067
143 0.2839425587467363 0.3929889298892989 0.1422976501305483 0.07158671586715867
26 0.3237597911227154 0.3380073800738007 0.10704960835509138 0.07380073800738007
37 0.8707571801566579 0.31365313653136534 0.08093994778067885 0.08118081180811808
147 0.6808093994778068 0.43025830258302583 0.0926892950391645 0.0974169741697417
142 0.8505221932114883 0.4575645756457565 0.06135770234986945 0.04870848708487085
142 0.9190600522193212 0.45461254612546126 0.06527415143603134 0.045756457564575644
142 0.889686684073107 0.44538745387453876 0.05613577023498695 0.04944649446494465