8 0.3125065274151436 0.8809963099630996 0.19092689295039164 0.14944649446494465
2 0.5001697127937337 0.8823837638376385 0.19419060052219322 0.14852398523985239
15 0.6878328981723237 0.8823837638376385 0.19092689295039164 0.1448339483394834
40 0.8730548302872062 0.8810036900369004 0.19255874673629242 0.14575645756457564
170 0.09383812010443864 0.9607970479704798 0.07996083550913838 0.061808118081180814
144 0.23874673629242818 0.6143911439114391 0.15502610966057442 0.08376383763837639
145 0.7604438642297651 0.6269372693726937 0.15796344647519583 0.07306273062730627
139 0.49869451697127937 0.7597785977859779 0.21148825065274152 0.033210332103321034
140 0.4980417754569191 0.6896678966789668 0.20757180156657964 0.1099630996309963
80 0.1987597911227154 0.31678966789667895 0.05613577023498695 0.03247232472324723
80 0.23857702349869453 0.3415129151291513 0.057441253263707574 0.04428044280442804
80 0.19908616187989556 0.29391143911439116 0.05613577023498695 0.03468634686346864
80 0.18570496083550914 0.3433579335793358 0.0587467362924282 0.04059040590405904
39 0.3289817232375979 0.19612546125461255 0.06201044386422976 0.05129151291512915
174 0.808420365535248 0.13118081180811808 0.04960835509138381 0.035424354243542434
174 0.7591383812010444 0.14003690036900368 0.04699738903394256 0.03247232472324723
180 0.6751044386422976 0.5481549815498155 0.06886422976501305 0.05608856088560885
64 0.7269973890339425 0.48754243542435427 0.04275456919060052 0.0514760147601476
64 0.7217754569190601 0.4574760147601476 0.044712793733681463 0.0529520295202952
180 0.23531331592689295 0.4350479704797048 0.05613577023498695 0.046125461254612546
180 0.2581592689295039 0.4604280442804428 0.06005221932114883 0.05774907749077491
180 0.19745430809399478 0.4572841328413284 0.05221932114882506 0.0555350553505535
180 0.7878590078328982 0.5892988929889299 0.06919060052219321 0.05682656826568266
52 0.762402088772846 0.196309963099631 0.1671018276762402 0.11808118081180811
105 0.5026109660574413 0.12066420664206642 0.18276762402088773 0.12177121771217712
185 0.24151436031331594 0.12546125461254612 0.14882506527415143 0.025092250922509225
185 0.7604438642297651 0.12472324723247233 0.15274151436031333 0.026568265682656828
80 0.31723237597911225 0.5800738007380074 0.06527415143603134 0.042804428044280446
180 0.6997389033942559 0.5845018450184502 0.057441253263707574 0.057564575645756455
101 0.7180156657963447 0.5583025830258302 0.06005221932114883 0.05092250922509225
64 0.7682767624020888 0.46273062730627307 0.04046997389033943 0.05461254612546126
146 0.23890339425587467 0.6291512915129152 0.1514360313315927 0.024354243542435424
52 0.24281984334203655 0.1970479704797048 0.1671018276762402 0.11808118081180811
96 0.25326370757180156 0.4173431734317343 0.05483028720626632 0.03468634686346864
71 0.1860313315926893 0.12693726937269373 0.048302872062663184 0.047232472324723246
158 0.2349869451697128 0.1765092250922509 0.060926892950391665 0.04059040590405902
158 0.755 0.17712177121771217 0.06962140992167093 0.03690036900369004
44 0.6168407310704961 0.9760147601476015 0.7049608355091384 0.03874538745387454