52 0.7620757180156658 0.19695940959409594 0.17297650130548303 0.11715867158671586
52 0.23907310704960835 0.19603690036900367 0.1843994778067885 0.12084870848708487
144 0.7661618798955614 0.6139335793357934 0.14197127937336815 0.08948339483394833
144 0.2423368146214099 0.6102435424354243 0.14197127937336815 0.09686346863468635
105 0.5009791122715405 0.12039114391143911 0.195822454308094 0.12453874538745388
140 0.5042428198433421 0.690959409594096 0.19908616187989556 0.11992619926199262
44 0.2986292428198433 0.966789667896679 0.06527415143603134 0.02952029520295203
170 0.09383812010443864 0.9589520295202952 0.07996083550913838 0.06365313653136531
8 0.31261096605744126 0.8821180811808118 0.19022193211488247 0.14535793357933582
2 0.4995822454308094 0.8816531365313653 0.1911618798955613 0.14443542435424356
15 0.6871279373368147 0.8839630996309963 0.18719321148825072 0.14535793357933582
40 0.8743342036553525 0.8839630996309963 0.19045691906005205 0.14720295202952033
96 0.6837597911227153 0.18404428044280444 0.04242819843342036 0.03782287822878229
101 0.4095953002610966 0.09779335793357932 0.04569190600522193 0.046125461254612546
185 0.23907310704960835 0.12408118081180812 0.14849869451697129 0.02859778597785978
185 0.761266318537859 0.12453874538745388 0.15176240208877284 0.027675276752767528
146 0.23825065274151436 0.6277712177121771 0.15013054830287206 0.024907749077490774
146 0.761266318537859 0.6282287822878229 0.14849869451697129 0.025830258302583026
158 0.23825065274151436 0.17588929889298893 0.07614882506527414 0.0418228782287823
158 0.7560966057441253 0.17588929889298893 0.07180156657963446 0.03935793357933578