145 0.25326370757180156 0.6062730627306273 0.14882506527415143 0.045018450184501846
145 0.7447780678851175 0.6066420664206642 0.15013054830287206 0.047232472324723246
52 0.26174934725848564 0.22804428044280442 0.12402088772845953 0.08708487084870849
52 0.7526109660574413 0.2118081180811808 0.12663185378590078 0.08708487084870849
158 0.25130548302872063 0.203690036900369 0.07180156657963446 0.04428044280442804
158 0.7356396866840731 0.20811808118081182 0.07180156657963446 0.045756457564575644
105 0.5006527415143603 0.15461254612546124 0.1866840731070496 0.12619926199261994
185 0.7428198433420365 0.1752767527675277 0.14882506527415143 0.02730627306273063
185 0.2597911227154047 0.17453874538745387 0.1462140992167102 0.02730627306273063
134 0.2845953002610966 0.5498154981549815 0.06005221932114883 0.06937269372693727
112 0.3387728459530026 0.5431734317343173 0.07963446475195822 0.05461254612546126
114 0.4007832898172324 0.6047970479704797 0.09921671018276762 0.061254612546125464
116 0.5019582245430809 0.5328413284132841 0.8577023498694517 0.46346863468634686