39 0.294556135770235 0.24400738007380074 0.06690600522193212 0.058118081180811805
174 0.32882506527415145 0.2952029520295203 0.05385117493472585 0.04059040590405904
174 0.47323759791122716 0.3703911439114391 0.05221932114882506 0.04151291512915129
174 0.5711488250652742 0.3699261992619926 0.04569190600522193 0.042435424354243544
174 0.6943603133159268 0.31873062730627305 0.04406005221932115 0.04151291512915129
174 0.70822454308094 0.29659040590405905 0.03263707571801567 0.03966789667896679
71 0.7400522193211488 0.2988929889298893 0.05385117493472585 0.04981549815498155
180 0.7424934725848564 0.46309963099630996 0.06527415143603134 0.06088560885608856
180 0.8338772845953003 0.477859778597786 0.07506527415143603 0.06273062730627306
180 0.17297650130548303 0.4833948339483395 0.07180156657963446 0.06273062730627306
80 0.22845953002610966 0.522140221402214 0.06527415143603134 0.04059040590405904
96 0.26925587467362927 0.3823837638376384 0.06201044386422976 0.03966789667896679
144 0.23907310704960835 0.6139335793357934 0.15176240208877284 0.08763837638376384
144 0.7637075718015666 0.6148560885608856 0.15013054830287206 0.08948339483394833
140 0.5026109660574413 0.6891143911439115 0.20234986945169714 0.11070110701107011
52 0.23907310704960835 0.19649446494464945 0.17134464751958225 0.11439114391143912
52 0.7620757180156658 0.1974169741697417 0.1762402088772846 0.11992619926199262
105 0.4977154046997389 0.11992619926199262 0.19255874673629242 0.12546125461254612
170 0.09546997389033941 0.9598745387453875 0.08648825065274152 0.06365313653136531
8 0.3123890339425588 0.8820516605166052 0.18976501305483034 0.14549077490774898
2 0.4993472584856397 0.8833653136531365 0.19069190600522185 0.14654612546125473
15 0.6870104438642297 0.8829077490774907 0.19163185378590072 0.14377859778597799
40 0.8763054830287206 0.883040590405904 0.19163185378590072 0.14351291512915132
44 0.29781984334203654 0.966789667896679 0.06364229765013055 0.025830258302583026
80 0.7734986945169713 0.5525830258302583 0.06201044386422976 0.03505535055350553
146 0.24070496083550913 0.6300738007380073 0.1452349869451697 0.027675276752767528
146 0.761266318537859 0.6296162361623616 0.15176240208877284 0.026752767527675275
185 0.23825065274151436 0.12408118081180812 0.1468668407310705 0.026752767527675275
185 0.761266318537859 0.12315867158671587 0.14849869451697129 0.02859778597785978
158 0.23280678851174935 0.17588929889298893 0.060926892950391665 0.03935793357933578
158 0.7582637075718016 0.17588929889298893 0.06745430809399487 0.0418228782287823