135 0.31415143603133155 0.43977859778597783 0.08369451697127939 0.06272324723247233
41 0.094177545691906 0.9615202952029519 0.0801958224543081 0.05904059040590406
44 0.615443864229765 0.9768044280442804 0.7049608355091384 0.041114391143911466
128 0.3114490861618799 0.8819188191881919 0.19395561357702354 0.14654612546125473
2 0.49981723237597914 0.8834981549815499 0.18650130548302873 0.14549077490774898
150 0.6872454308093994 0.8819188191881919 0.1846344647519583 0.14654612546125473
15 0.8746736292428199 0.8819188191881919 0.18650130548302887 0.14865682656826557
140 0.5072715404699739 0.6889815498154982 0.18650130548302873 0.10859040590405912
144 0.24058746736292427 0.6125461254612546 0.14546997389033944 0.08645018450184509
144 0.7637075718015666 0.6130701107011071 0.13986945169712806 0.08539483394833951
146 0.23953002610966057 0.6283616236162362 0.15083550913838123 0.023195571955719606
146 0.7645300261096606 0.6277712177121771 0.14197127937336815 0.023062730627306273
62 0.18275456919060054 0.10325461254612546 0.09930809399477807 0.07946863468634686
143 0.3506005221932115 0.5005239852398524 0.1188903394255875 0.07881180811808115
52 0.24151436031331594 0.20018450184501846 0.1272845953002611 0.08856088560885608
52 0.7637075718015666 0.19972693726937268 0.12402088772845953 0.09132841328413284
52 0.23988250652741513 0.14391143911439114 0.14360313315926893 0.025830258302583026
52 0.7628981723237598 0.1434538745387454 0.1452349869451697 0.024907749077490774
158 0.23009138381201044 0.17574169741697418 0.07180156657963446 0.03782287822878229
158 0.7539164490861618 0.1752767527675277 0.07180156657963446 0.03874538745387454
142 0.6704569190600523 0.4106420664206642 0.057806788511749314 0.0411217712177122
142 0.7105613577023498 0.41275276752767526 0.06340731070496075 0.0390036900369003
142 0.7777023498694517 0.4138007380073801 0.06342036553524795 0.039011070110701034
194 0.5296475195822454 0.26251660516605163 0.13428198433420369 0.0780147601476015
105 0.5026109660574413 0.11966051660516604 0.192088772845953 0.12335055350553505
62 0.27878590078328985 0.10536531365313653 0.0899869451697128 0.07735793357933579
62 0.3823107049608355 0.108 0.0881201044386423 0.09106273062730626
62 0.6023629242819843 0.10166789667896678 0.06574412532637078 0.09317343173431734
62 0.6816318537859007 0.10483394833948341 0.08626631853785899 0.09317343173431734
62 0.8047127937336814 0.09903321033210331 0.09372062663185374 0.08579335793357934
149 0.7543733681462141 0.4596678966789668 0.12122715404699726 0.07591143911439106
147 0.6723237597911227 0.5730110701107011 0.0764621409921671 0.05377121771217705