161 0.094177545691906 0.9615202952029519 0.0801958224543081 0.05904059040590406
44 0.615443864229765 0.9768044280442804 0.7049608355091384 0.041114391143911466
128 0.3114490861618799 0.8819188191881919 0.19395561357702354 0.14654612546125473
2 0.49981723237597914 0.8834981549815499 0.18650130548302873 0.14549077490774898
51 0.6872454308093994 0.8819188191881919 0.1846344647519583 0.14654612546125473
169 0.8746736292428199 0.8819188191881919 0.18650130548302887 0.14865682656826557
140 0.5072715404699739 0.6889815498154982 0.18650130548302873 0.10859040590405912
144 0.24058746736292427 0.6125461254612546 0.14546997389033944 0.08645018450184509
144 0.7637075718015666 0.6130701107011071 0.13986945169712806 0.08539483394833951
146 0.23953002610966057 0.6283616236162362 0.15083550913838123 0.023195571955719606
146 0.7645300261096606 0.6277712177121771 0.14197127937336815 0.023062730627306273
137 0.275443864229765 0.48814022140221397 0.07016971279373369 0.09225092250922509
143 0.7838772845953004 0.35371955719557197 0.14010443864229757 0.08012546125461259
166 0.20421671018276763 0.33204428044280443 0.07506527415143603 0.08579335793357934
166 0.2741514360313316 0.3431143911439115 0.07506527415143603 0.08579335793357938
166 0.27928198433420365 0.3122066420664207 0.07506527415143603 0.07933579335793357
166 0.7412140992167101 0.3116162361623616 0.08043080939947768 0.07524723247232475
166 0.7049608355091384 0.30706273062730627 0.06667101827676232 0.11149077490774911
166 0.7914490861618799 0.2956678966789668 0.0881201044386423 0.08210332103321033
52 0.24151436031331594 0.20018450184501846 0.1272845953002611 0.08856088560885608
52 0.7637075718015666 0.19972693726937268 0.12402088772845953 0.09132841328413284
52 0.23988250652741513 0.14391143911439114 0.14360313315926893 0.025830258302583026
52 0.7628981723237598 0.1434538745387454 0.1452349869451697 0.024907749077490774
121 0.322532637075718 0.14931365313653136 0.11912532637075718 0.08487084870848709
158 0.23009138381201044 0.17574169741697418 0.07180156657963446 0.03782287822878229
158 0.7539164490861618 0.1752767527675277 0.07180156657963446 0.03874538745387454
105 0.5026109660574413 0.11966051660516604 0.192088772845953 0.12335055350553505