15 0.3133159268929504 0.8826568265682657 0.1906005221932115 0.14760147601476015
160 0.5 0.8826568265682657 0.18798955613577023 0.14612546125461254
128 0.6879895561357703 0.8833948339483395 0.19321148825065274 0.14612546125461254
2 0.8759791122715405 0.8833948339483395 0.18276762402088773 0.14612546125461254
140 0.5039164490861618 0.688929889298893 0.18798955613577023 0.1099630996309963
139 0.49869451697127937 0.7590405904059041 0.20887728459530025 0.033210332103321034
143 0.6553524804177546 0.6867158671586716 0.10443864229765012 0.07453874538745388
80 0.7193211488250653 0.6656826568265682 0.06266318537859007 0.042804428044280446
80 0.6697127937336814 0.6546125461254613 0.04699738903394256 0.03394833948339483
135 0.5913838120104439 0.659040590405904 0.04177545691906005 0.03247232472324723
122 0.6214099216710183 0.5675276752767527 0.12010443864229765 0.07822878228782287
174 0.643603133159269 0.6273062730627307 0.04177545691906005 0.03837638376383764
174 0.6364229765013055 0.6 0.037859007832898174 0.03247232472324723
95 0.7271540469973891 0.4095940959409594 0.057441253263707574 0.06789667896678966
95 0.7454308093994778 0.45461254612546126 0.06266318537859007 0.07084870848708487
95 0.7826370757180157 0.4180811808118081 0.05613577023498695 0.07011070110701106
44 0.6168407310704961 0.9756974169741697 0.7088772845953003 0.03995571955719548
25 0.856396866840731 0.11512915129151291 0.10704960835509138 0.08265682656826569
122 0.39425587467362927 0.3003690036900369 0.09660574412532637 0.07822878228782287
52 0.2402088772845953 0.1970479704797048 0.16971279373368145 0.11660516605166052
53 0.7578328981723238 0.2177121771217712 0.15274151436031333 0.06789667896678966
185 0.24086161879895562 0.12730627306273062 0.15013054830287206 0.02730627306273063
107 0.49673629242819844 0.030627306273062732 0.20757180156657964 0.03468634686346864
105 0.5006527415143603 0.11512915129151291 0.1866840731070496 0.13431734317343175
138 0.20300261096605743 0.6420664206642066 0.07702349869451697 0.02952029520295203
147 0.5672323759791122 0.6051660516605166 0.07702349869451697 0.047232472324723246
9 0.09399477806788512 0.959409594095941 0.0835509138381201 0.06346863468634686
145 0.24086161879895562 0.6273062730627307 0.15535248041775457 0.07380073800738007
145 0.758485639686684 0.6269372693726937 0.1566579634464752 0.07306273062730627
27 0.2160574412532637 0.1885608856088561 0.10835509138381201 0.061254612546125464