144 0.737597911227154 0.6005977859778597 0.13577023498694518 0.07970479704797048
159 0.37989556135770236 0.1752767527675277 0.30548302872062666 0.13505535055350554
144 0.26370757180156656 0.6024428044280442 0.13577023498694518 0.08191881918819188
146 0.26370757180156656 0.6131439114391144 0.13577023498694518 0.023616236162361623
105 0.5026109660574413 0.15092250922509226 0.13838120104438642 0.11586715867158671
53 0.2630548302872063 0.24354243542435425 0.11357702349869452 0.057564575645756455
53 0.737597911227154 0.24428044280442804 0.12532637075718014 0.06199261992619926
146 0.737597911227154 0.6132841328413284 0.13577023498694518 0.02214022140221402
140 0.5006527415143603 0.6693726937269373 0.13968668407310705 0.1003690036900369
107 0.5006527415143603 0.07564575645756458 0.1866840731070496 0.033210332103321034
136 0.37467362924281983 0.1977859778597786 0.07049608355091384 0.04870848708487085
108 0.24738903394255873 0.4535055350553506 0.097911227154047 0.05682656826568266
136 0.43733681462140994 0.1881918819188192 0.0783289817232376 0.047232472324723246
174 0.3524804177545692 0.21623616236162363 0.04960835509138381 0.035424354243542434
138 0.6788511749347258 0.44243542435424354 0.06527415143603134 0.03173431734317343
157 0.283289817232376 0.37343173431734317 0.07571801566579635 0.057564575645756455
147 0.4118798955613577 0.15756457564575646 0.06657963446475196 0.04649446494464945