52 0.7647911227154047 0.19864944649446495 0.16753263707571792 0.1168487084870849
52 0.23390339425587467 0.20049446494464945 0.15447780678851172 0.11070110701107011
144 0.23607049608355093 0.6143911439114391 0.15447780678851172 0.0873284132841328
144 0.7647911227154047 0.6100885608856088 0.14578328981723246 0.08856088560885608
140 0.5069582245430809 0.6900369003690037 0.19147519582245426 0.11070110701107011
105 0.4982637075718016 0.12177121771217712 0.17842036553524798 0.13529889298892991
8 0.31253263707571804 0.8805166051660516 0.1917754569190601 0.14303321033210328
2 0.49950391644908615 0.8825313653136531 0.19084856396866848 0.14391143911439114
15 0.6866318537859009 0.883239852398524 0.19022193211488256 0.1474243542435426
40 0.8763838120104438 0.8825313653136531 0.19364229765013044 0.14391143911439114
170 0.09464751958224543 0.959409594095941 0.08050913838120105 0.06396309963099636
44 0.29699738903394257 0.9643321033210333 0.06309399477806786 0.03197785977859773
185 0.24151436031331594 0.12315867158671587 0.14795039164490859 0.026752767527675275
185 0.7626240208877284 0.12484870848708486 0.15013054830287206 0.02828782287822877
146 0.2393342036553525 0.6285387453874538 0.14360313315926893 0.02214022140221402
146 0.76588772845953 0.6291512915129152 0.14360313315926893 0.020907749077490722
174 0.7721932114882507 0.47531365313653134 0.05220626631853787 0.03444280442804434
180 0.7354569190600523 0.4528782287822878 0.0587467362924282 0.05166051660516605
80 0.7784073107049608 0.5655055350553505 0.05438642297650141 0.02952029520295203
80 0.7403916449086162 0.5508487084870849 0.06092689295039174 0.03197785977859773
39 0.2251827676240209 0.5043025830258303 0.0783289817232376 0.05719557195571956
180 0.744046997389034 0.4250332103321033 0.06092689295039174 0.04059040590405904
80 0.7804177545691905 0.5352619926199261 0.05439947780678861 0.03813284132841334
80 0.7810052219321149 0.5123616236162362 0.06310704960835499 0.04058302583025831
101 0.786579634464752 0.4481107011070111 0.06092689295039174 0.05042804428044275
96 0.19992167101827674 0.36 0.0587467362924282 0.04304797047970483
180 0.7410443864229764 0.40014022140221406 0.05656657963446466 0.04059040590405904
174 0.7937989556135769 0.37931365313653137 0.05253263707571803 0.0381328413284133
174 0.7982637075718017 0.3499483394833948 0.0587467362924282 0.031977859778597816
80 0.15865535248041776 0.2112988929889299 0.04839425587467362 0.04059040590405904
96 0.26391644908616185 0.38741697416974175 0.0587467362924282 0.04059040590405904
80 0.11483028720626631 0.20935055350553508 0.06091383812010443 0.04342435424354246
39 0.36514360313315924 0.12515129151291512 0.06883812010443867 0.05188929889298893
158 0.23390339425587467 0.17712177121771217 0.07180156657963446 0.04182287822878228
158 0.755 0.17835424354243543 0.07398172323759801 0.03935793357933578