8 0.3125065274151436 0.8809963099630996 0.19092689295039164 0.14944649446494465
2 0.5001697127937337 0.8823837638376385 0.19419060052219322 0.14852398523985239
52 0.24281984334203655 0.1970479704797048 0.1671018276762402 0.11808118081180811
15 0.6878328981723237 0.8823837638376385 0.19092689295039164 0.1448339483394834
40 0.8730548302872062 0.8810036900369004 0.19255874673629242 0.14575645756457564
170 0.09383812010443864 0.9607970479704798 0.07996083550913838 0.061808118081180814
185 0.24151436031331594 0.12546125461254612 0.14882506527415143 0.025092250922509225
52 0.762402088772846 0.196309963099631 0.1671018276762402 0.11808118081180811
105 0.5026109660574413 0.12066420664206642 0.18276762402088773 0.12177121771217712
145 0.23874673629242818 0.6261992619926199 0.15502610966057442 0.07343173431734318
185 0.7604438642297651 0.12472324723247233 0.15274151436031333 0.026568265682656828
145 0.7604438642297651 0.6269372693726937 0.15796344647519583 0.07306273062730627
139 0.49869451697127937 0.7597785977859779 0.21148825065274152 0.033210332103321034
140 0.4980417754569191 0.6896678966789668 0.20757180156657964 0.1099630996309963
80 0.22486945169712794 0.4710332103321033 0.05613577023498695 0.03099630996309963
80 0.25946475195822455 0.49501845018450186 0.057441253263707574 0.03985239852398524
80 0.22258485639686684 0.4511070110701107 0.05613577023498695 0.03468634686346864
80 0.20920365535248042 0.5012915129151292 0.0587467362924282 0.04059040590405904
39 0.27676240208877284 0.3475129151291513 0.06723237597911227 0.0485239852398524
180 0.6751044386422976 0.5481549815498155 0.06886422976501305 0.05608856088560885
64 0.6995822454308094 0.5657712177121771 0.04014360313315927 0.0514760147601476
64 0.7387467362924282 0.5762952029520295 0.044712793733681463 0.0529520295202952
180 0.34889033942558745 0.534309963099631 0.05613577023498695 0.04981549815498155
180 0.3900130548302872 0.5512029520295203 0.05221932114882506 0.05922509225092251
180 0.30907310704960833 0.5495350553505535 0.0587467362924282 0.05405904059040591
180 0.7878590078328982 0.5892988929889299 0.06919060052219321 0.05682656826568266
180 0.70822454308094 0.5863468634686347 0.07441253263707572 0.05387453874538745
64 0.6716710182767625 0.5992619926199262 0.04046997389033943 0.05461254612546126
96 0.25718015665796345 0.5763837638376383 0.05221932114882506 0.041328413284132844
174 0.804177545691906 0.2726937269372694 0.03655352480417755 0.037638376383763834
71 0.18733681462140991 0.24760147601476015 0.048302872062663184 0.043542435424354244
174 0.7075718015665796 0.24169741697416974 0.04699738903394256 0.04206642066420664
174 0.7969973890339426 0.23800738007380073 0.037859007832898174 0.037638376383763834
158 0.23390339425587467 0.17650922509225092 0.0674543080939948 0.0381328413284133
158 0.7582637075718016 0.1752767527675277 0.06309399477806779 0.038132841328413276
44 0.6168407310704961 0.9760147601476015 0.7049608355091384 0.03874538745387454