121 0.2712532637075718 0.28426568265682656 0.14710182767624022 0.07854612546125457
16 0.094177545691906 0.9615202952029519 0.0801958224543081 0.05904059040590406
44 0.615443864229765 0.9768044280442804 0.7049608355091384 0.041114391143911466
40 0.3114490861618799 0.8819188191881919 0.19395561357702354 0.14654612546125473
2 0.49981723237597914 0.8834981549815499 0.18650130548302873 0.14549077490774898
160 0.6872454308093994 0.8819188191881919 0.1846344647519583 0.14654612546125473
150 0.8746736292428199 0.8819188191881919 0.18650130548302887 0.14865682656826557
140 0.5072715404699739 0.6889815498154982 0.18650130548302873 0.10859040590405912
144 0.24058746736292427 0.6125461254612546 0.14546997389033944 0.08645018450184509
144 0.7637075718015666 0.6130701107011071 0.13986945169712806 0.08539483394833951
146 0.23953002610966057 0.6283616236162362 0.15083550913838123 0.023195571955719606
146 0.7645300261096606 0.6277712177121771 0.14197127937336815 0.023062730627306273
166 0.2079242819843342 0.3641992619926199 0.07879895561357704 0.08684870848708492
166 0.29468668407310705 0.34469372693726935 0.06387728459530027 0.08473800738007384
166 0.2662402088772846 0.3633431734317343 0.07133159268929502 0.08461254612546124
166 0.7385248041775457 0.3777047970479705 0.08159268929503917 0.08197785977859781
166 0.78677545691906 0.3858081180811808 0.07879895561357689 0.1000221402214022
52 0.24151436031331594 0.20018450184501846 0.1272845953002611 0.08856088560885608
52 0.7637075718015666 0.19972693726937268 0.12402088772845953 0.09132841328413284
52 0.23988250652741513 0.14391143911439114 0.14360313315926893 0.025830258302583026
52 0.7628981723237598 0.1434538745387454 0.1452349869451697 0.024907749077490774
158 0.23009138381201044 0.17574169741697418 0.07180156657963446 0.03782287822878229
158 0.7539164490861618 0.1752767527675277 0.07180156657963446 0.03874538745387454
135 0.7189556135770235 0.41802214022140216 0.08766318537859019 0.06430996309963107
131 0.7403916449086162 0.3489741697416974 0.0969843342036553 0.05904059040590406
147 0.2769451697127937 0.4612546125461255 0.08765013054830285 0.06642066420664207
142 0.6741906005221932 0.49762361623616236 0.06154046997389039 0.03796309963099635
142 0.6956396866840732 0.4675719557195572 0.06340731070496082 0.0390036900369003
142 0.7208093994778068 0.4934022140221402 0.057819843342036506 0.03795571955719562
149 0.5184595300261097 0.21138745387453875 0.14920365535248037 0.07274538745387456
105 0.5026109660574413 0.11966051660516604 0.192088772845953 0.12335055350553505