104 0.6801566579634465 0.34723247232472326 0.16449086161879894 0.08487084870848709
99 0.2206266318537859 0.4114391143911439 0.09138381201044386 0.06863468634686347
52 0.24151436031331594 0.2014760147601476 0.1227154046997389 0.08560885608856089
52 0.7643603133159269 0.2014760147601476 0.12140992167101827 0.08560885608856089
185 0.239556135770235 0.14723247232472325 0.1475195822454308 0.025830258302583026
185 0.7630548302872062 0.14686346863468636 0.1475195822454308 0.025092250922509225
105 0.49673629242819844 0.12066420664206642 0.18407310704960836 0.12472324723247233
161 0.09464751958224543 0.9616236162361623 0.08224543080939947 0.057564575645756455
44 0.6168407310704961 0.9760147601476015 0.706266318537859 0.04206642066420664
2 0.31201044386422977 0.8819188191881919 0.1906005221932115 0.14612546125461254
8 0.4993472584856397 0.8833948339483395 0.18407310704960836 0.14907749077490776
15 0.6866840731070496 0.8830258302583026 0.18798955613577023 0.14686346863468636
128 0.8753263707571801 0.8822878228782288 0.18929503916449086 0.14833948339483394
144 0.239556135770235 0.6125461254612546 0.15274151436031333 0.08708487084870849
144 0.7630548302872062 0.6121771217712177 0.1475195822454308 0.08782287822878229
146 0.23890339425587467 0.6284132841328414 0.1514360313315927 0.024354243542435424
146 0.762402088772846 0.6284132841328414 0.14882506527415143 0.024354243542435424
140 0.5058746736292428 0.6881918819188192 0.1866840731070496 0.11291512915129151
158 0.2297650130548303 0.181549815498155 0.07049608355091384 0.045756457564575644
158 0.7526109660574413 0.18081180811808117 0.06919060052219321 0.042804428044280446
147 0.27023498694516973 0.44059040590405907 0.09660574412532637 0.06051660516605166
143 0.7173629242819843 0.4394833948339483 0.12402088772845953 0.06863468634686347
35 0.7245430809399478 0.32324723247232473 0.08877284595300261 0.07527675276752767
125 0.28067885117493474 0.33173431734317343 0.06788511749347259 0.05387453874538745
125 0.3453002610966057 0.32324723247232473 0.08485639686684072 0.06199261992619926
125 0.29112271540469975 0.36494464944649446 0.06788511749347259 0.061254612546125464
75 0.5215404699738904 0.26383763837638374 0.12663185378590078 0.1011070110701107
71 0.6142297650130548 0.33062730627306275 0.037859007832898174 0.05018450184501845