2 0.3125065274151436 0.8814612546125462 0.18766318537859009 0.14852398523985239
160 0.5001697127937337 0.8814612546125462 0.19092689295039164 0.14852398523985239
51 0.6886422976501305 0.8819188191881919 0.18929503916449086 0.14760147601476015
169 0.8746736292428199 0.8819188191881919 0.18276762402088773 0.14760147601476015
129 0.09464751958224543 0.9612546125461254 0.08485639686684072 0.05719557195571956
44 0.6168407310704961 0.976479704797048 0.7114882506527415 0.03966789667896679
144 0.2410313315926893 0.6130996309963099 0.14849869451697129 0.08487084870848709
144 0.7622454308093994 0.6112546125461255 0.1491514360313316 0.08597785977859779
140 0.505065274151436 0.6872693726937269 0.19092689295039164 0.11254612546125461
52 0.2327023498694517 0.1992619926199262 0.13838120104438642 0.09225092250922509
52 0.755065274151436 0.19972693726937268 0.14131853785900783 0.09132841328413284
185 0.23988250652741513 0.14428044280442803 0.1468668407310705 0.025092250922509225
185 0.7637075718015666 0.14391143911439114 0.1468668407310705 0.023985239852398525
27 0.21638381201044388 0.18874538745387454 0.1077023498694517 0.06088560885608856
27 0.7390731070496084 0.1881918819188192 0.1054177545691906 0.06420664206642067
105 0.5034334203655353 0.12177121771217712 0.19745430809399478 0.12361623616236163
146 0.239556135770235 0.6284132841328414 0.1475195822454308 0.022878228782287822
146 0.7617493472584856 0.6284132841328414 0.1475195822454308 0.021402214022140223
163 0.23694516971279372 0.44206642066420665 0.10835509138381201 0.07380073800738007
164 0.2754569190600522 0.35350553505535054 0.06788511749347259 0.04870848708487085
164 0.27023498694516973 0.3800738007380074 0.057441253263707574 0.05461254612546126
26 0.7199738903394256 0.26789667896678965 0.08746736292428199 0.07380073800738007
137 0.293733681462141 0.46752767527675276 0.0783289817232376 0.1011070110701107
135 0.2108355091383812 0.47675276752767526 0.07963446475195822 0.06199261992619926
138 0.7251958224543081 0.4833948339483395 0.06657963446475196 0.03247232472324723
22 0.1821148825065274 0.14501845018450185 0.11618798955613577 0.08339483394833948
123 0.6024804177545692 0.09902583025830258 0.08224543080939947 0.11585977859778598