52 0.7620757180156658 0.19695940959409594 0.17297650130548303 0.11715867158671586
52 0.23907310704960835 0.19603690036900367 0.1843994778067885 0.12084870848708487
180 0.2818929503916449 0.29381549815498154 0.057219321148825046 0.05348339483394836
96 0.798798955613577 0.3044280442804428 0.07016971279373369 0.046125461254612546
144 0.2423368146214099 0.6102435424354243 0.14197127937336815 0.09686346863468635
105 0.5009791122715405 0.12039114391143911 0.195822454308094 0.12453874538745388
140 0.5042428198433421 0.690959409594096 0.19908616187989556 0.11992619926199262
39 0.1656396866840731 0.10009594095940959 0.06364229765013055 0.048892988929889296
44 0.2986292428198433 0.9673136531365314 0.06527415143603134 0.028464944649446617
170 0.09383812010443864 0.9589520295202952 0.07996083550913838 0.06365313653136531
8 0.3135509138381201 0.8821180811808118 0.18836814621409917 0.14535793357933582
2 0.4995822454308094 0.8821845018450184 0.1911618798955613 0.14338745387453872
15 0.6862010443864229 0.8834391143911439 0.19279373368146221 0.14641328413284124
40 0.8752610966057441 0.8839630996309963 0.18859007832898178 0.14720295202952033
144 0.7661618798955614 0.6139335793357934 0.14197127937336815 0.08948339483394833
180 0.28385117493472584 0.2604870848708487 0.05591383812010442 0.045099630996309974
180 0.7123107049608355 0.2518450184501845 0.05385117493472585 0.046125461254612546
174 0.7767624020887729 0.5498154981549815 0.05548302872062663 0.03505535055350553
174 0.7392297650130548 0.5322878228782287 0.0587467362924282 0.03874538745387454
174 0.8183812010443864 0.07518819188191882 0.05385117493472585 0.0507380073800738
80 0.8077676240208878 0.1429889298892989 0.04569190600522193 0.025830258302583026
80 0.8249086161879895 0.16789667896678967 0.057114882506527416 0.033210332103321034
185 0.23825065274151436 0.12361623616236163 0.15013054830287206 0.023985239852398525
185 0.7637075718015666 0.12408118081180812 0.15013054830287206 0.026752767527675275
146 0.2423368146214099 0.6277712177121771 0.1452349869451697 0.026752767527675275
146 0.7645300261096606 0.6282287822878229 0.1452349869451697 0.02214022140221402
71 0.16237597911227153 0.17389667896678968 0.037532637075718016 0.045202952029520294
158 0.23172323759791122 0.17404428044280446 0.0674543080939948 0.04059040590405906
158 0.7560966057441253 0.17343173431734318 0.06745430809399487 0.04428044280442804