104 0.6971279373368147 0.4217712177121771 0.13315926892950392 0.08634686346863468
52 0.24151436031331594 0.2014760147601476 0.1227154046997389 0.08560885608856089
52 0.7643603133159269 0.2014760147601476 0.12140992167101827 0.08560885608856089
185 0.239556135770235 0.14723247232472325 0.1475195822454308 0.025830258302583026
185 0.7630548302872062 0.14686346863468636 0.1475195822454308 0.025092250922509225
105 0.49673629242819844 0.12066420664206642 0.18407310704960836 0.12472324723247233
170 0.09464751958224543 0.9616236162361623 0.08224543080939947 0.057564575645756455
44 0.6168407310704961 0.9760147601476015 0.706266318537859 0.04206642066420664
2 0.31201044386422977 0.8819188191881919 0.1906005221932115 0.14612546125461254
150 0.4993472584856397 0.8833948339483395 0.18407310704960836 0.14907749077490776
51 0.6866840731070496 0.8830258302583026 0.18798955613577023 0.14686346863468636
40 0.8753263707571801 0.8822878228782288 0.18929503916449086 0.14833948339483394
144 0.239556135770235 0.6125461254612546 0.15274151436031333 0.08708487084870849
144 0.7630548302872062 0.6121771217712177 0.1475195822454308 0.08782287822878229
146 0.23890339425587467 0.6284132841328414 0.1514360313315927 0.024354243542435424
146 0.762402088772846 0.6284132841328414 0.14882506527415143 0.024354243542435424
140 0.5058746736292428 0.6881918819188192 0.1866840731070496 0.11291512915129151
158 0.2297650130548303 0.181549815498155 0.07049608355091384 0.045756457564575644
158 0.7526109660574413 0.18081180811808117 0.06919060052219321 0.042804428044280446
35 0.7473890339425587 0.39520295202952027 0.10574412532637076 0.07306273062730627
125 0.20496083550913838 0.44354243542435423 0.0731070496083551 0.057564575645756455
125 0.24869451697127937 0.42103321033210334 0.07963446475195822 0.05239852398523985
125 0.26827676240208875 0.45202952029520294 0.07702349869451697 0.055350553505535055
75 0.5215404699738904 0.26383763837638374 0.12663185378590078 0.1011070110701107
155 0.33550913838120106 0.5416974169741697 0.3289817232375979 0.15202952029520295
159 0.2891644908616188 0.47638376383763836 0.30156657963446476 0.13948339483394834