104 0.6736292428198434 0.36678966789667894 0.14882506527415143 0.07970479704797048
99 0.22389033942558748 0.45092250922509225 0.08485639686684072 0.07084870848708487
52 0.24151436031331594 0.2014760147601476 0.1227154046997389 0.08560885608856089
52 0.7643603133159269 0.2014760147601476 0.12140992167101827 0.08560885608856089
185 0.239556135770235 0.14723247232472325 0.1475195822454308 0.025830258302583026
185 0.7630548302872062 0.14686346863468636 0.1475195822454308 0.025092250922509225
105 0.49673629242819844 0.12066420664206642 0.18407310704960836 0.12472324723247233
170 0.09464751958224543 0.9616236162361623 0.08224543080939947 0.057564575645756455
44 0.6168407310704961 0.9760147601476015 0.706266318537859 0.04206642066420664
2 0.31201044386422977 0.8819188191881919 0.1906005221932115 0.14612546125461254
150 0.4993472584856397 0.8833948339483395 0.18407310704960836 0.14907749077490776
15 0.6866840731070496 0.8830258302583026 0.18798955613577023 0.14686346863468636
40 0.8753263707571801 0.8822878228782288 0.18929503916449086 0.14833948339483394
144 0.239556135770235 0.6125461254612546 0.15274151436031333 0.08708487084870849
144 0.7630548302872062 0.6121771217712177 0.1475195822454308 0.08782287822878229
146 0.23890339425587467 0.6284132841328414 0.1514360313315927 0.024354243542435424
146 0.762402088772846 0.6284132841328414 0.14882506527415143 0.024354243542435424
140 0.5058746736292428 0.6881918819188192 0.1866840731070496 0.11291512915129151
158 0.2297650130548303 0.181549815498155 0.07049608355091384 0.045756457564575644
158 0.7526109660574413 0.18081180811808117 0.06919060052219321 0.042804428044280446
35 0.7330287206266318 0.34464944649446494 0.0926892950391645 0.07232472324723248
125 0.22193211488250653 0.407380073800738 0.06005221932114883 0.053136531365313655
125 0.26370757180156656 0.3900369003690037 0.06788511749347259 0.055350553505535055
125 0.26240208877284593 0.43025830258302583 0.06266318537859007 0.053136531365313655
75 0.5215404699738904 0.26383763837638374 0.12663185378590078 0.1011070110701107
155 0.33550913838120106 0.5416974169741697 0.3289817232375979 0.15202952029520295
71 0.5985639686684073 0.34095940959409593 0.04046997389033943 0.05018450184501845
142 0.3387728459530026 0.5265682656826568 0.05352480417754569 0.045018450184501846
142 0.39033942558746737 0.5295202952029521 0.057441253263707574 0.04206642066420664
142 0.3518276762402089 0.5 0.06135770234986945 0.033210332103321034