184 0.7023498694516971 0.47601476014760147 0.49869451697127937 0.23911439114391145
44 0.6168407310704961 0.9763837638376384 0.706266318537859 0.041328413284132844
151 0.09530026109660575 0.9616236162361623 0.08093994778067885 0.057564575645756455
15 0.31266318537859006 0.8819188191881919 0.18929503916449086 0.14760147601476015
2 0.5 0.8830258302583026 0.18798955613577023 0.14833948339483394
128 0.6873368146214099 0.8837638376383764 0.1866840731070496 0.14981549815498155
8 0.8753263707571801 0.8819188191881919 0.18929503916449086 0.14907749077490776
140 0.5058746736292428 0.688929889298893 0.1866840731070496 0.11143911439114391
144 0.2402088772845953 0.6118081180811809 0.14882506527415143 0.08708487084870849
145 0.7630548302872062 0.6254612546125461 0.15013054830287206 0.07306273062730627
146 0.239556135770235 0.6287822878228783 0.1475195822454308 0.025092250922509225
52 0.239556135770235 0.2022140221402214 0.12402088772845953 0.08708487084870849
52 0.7630548302872062 0.2022140221402214 0.12663185378590078 0.08708487084870849
158 0.23302872062663185 0.18081180811808117 0.07180156657963446 0.04428044280442804
158 0.7539164490861618 0.18081180811808117 0.07180156657963446 0.045756457564575644
105 0.4980417754569191 0.11992619926199262 0.1866840731070496 0.12619926199261994
112 0.7891644908616188 0.4656826568265683 0.08224543080939947 0.06199261992619926
143 0.6768929503916449 0.5051660516605166 0.12663185378590078 0.08044280442804429
185 0.762402088772846 0.14649446494464943 0.14882506527415143 0.02730627306273063
185 0.23890339425587467 0.14797047970479704 0.14882506527415143 0.02730627306273063
72 0.6390339425587467 0.3752767527675277 0.10574412532637076 0.06568265682656826
48 0.5881201044386423 0.6701107011070111 0.03263707571801567 0.028044280442804426
139 0.49869451697127937 0.7586715867158672 0.20887728459530025 0.03247232472324723
50 0.6240208877284595 0.6785977859778598 0.06005221932114883 0.06273062730627306
49 0.6494778067885117 0.66309963099631 0.03263707571801567 0.033210332103321034
166 0.5535248041775457 0.34797047970479705 0.08877284595300261 0.08634686346863468