161 0.09325065274151437 0.9620516605166051 0.0783289817232376 0.06221402214022154
128 0.3133159268929504 0.8814022140221401 0.19022193211488256 0.14760147601476015
15 0.49981723237597914 0.8829815498154981 0.19022193211488256 0.15076752767527674
8 0.6872454308093994 0.8814022140221401 0.1846344647519583 0.14549077490774898
2 0.8728067885117494 0.8814022140221401 0.19022193211488256 0.14549077490774898
44 0.6173107049608355 0.9747084870848709 0.7049608355091384 0.03690036900369004
140 0.5063446475195823 0.6905756457564576 0.18090078328981715 0.1117564575645757
144 0.24058746736292427 0.6146642066420664 0.14920365535248045 0.08434686346863465
144 0.7627806788511748 0.6141328413284133 0.14920365535248037 0.08539483394833951
146 0.24058746736292427 0.6278450184501845 0.14920365535248045 0.02635424354243545
146 0.7618407310704961 0.6288929889298893 0.15105744125326376 0.024250922509225017
27 0.21819843342036552 0.19030258302583028 0.10443864229765012 0.06220664206642066
27 0.7394647519582245 0.18977121771217711 0.11003916449086157 0.06325461254612547
52 0.24244125326370758 0.19557195571955718 0.16784595300261096 0.11491512915129154
52 0.7637075718015666 0.19609594095940958 0.16971279373368145 0.11386715867158669
185 0.24151436031331594 0.12598523985239854 0.14733681462140993 0.02635424354243541
185 0.7627806788511748 0.12598523985239854 0.1454699738903395 0.02635424354243541
105 0.5026109660574413 0.11913653136531366 0.1846344647519583 0.12440590405904059
183 0.4755744125326371 0.26779335793357933 0.11562663185378597 0.08856088560885608
25 0.8569582245430809 0.2667380073800738 0.10630548302872071 0.08434686346863465
174 0.4737075718015666 0.3010110701107011 0.037297650130548365 0.0411217712177122
95 0.6191644908616187 0.469690036900369 0.05967362924281989 0.07275276752767522
95 0.5995822454308094 0.4485977859778598 0.06154046997389032 0.07064206642066423
180 0.20608355091383815 0.442280442804428 0.06154046997389032 0.05798523985239848
80 0.40656657963446474 0.4765387453874539 0.05967362924281989 0.04849446494464947
80 0.18463446475195824 0.510280442804428 0.05221932114882506 0.04428044280442804
180 0.26855091383812013 0.43963837638376385 0.05595300261096608 0.05060516605166047
180 0.30958224543080937 0.45704059040590406 0.05967362924281985 0.05798523985239848
174 0.26483028720626633 0.4122287822878229 0.04476501305483031 0.02952029520295203
174 0.27507832898172324 0.3927232472324723 0.04661879895561355 0.034789667896679
138 0.09883812010443864 0.565630996309963 0.07087467362924281 0.028464944649446447
147 0.5128720626631854 0.4870848708487085 0.07087467362924277 0.05692988929889306
143 0.5455091383812011 0.5087011070110701 0.09511749347258487 0.08118081180811808