0 0.3506266318537859 0.5498081180811808 0.048485639686684054 0.05588191881918821
52 0.26110966057441254 0.22033948339483395 0.16411227154046998 0.10966051660516607
185 0.7459791122715405 0.1518228782287823 0.13800261096605748 0.02952029520295203
185 0.2601827676240209 0.15076752767527674 0.13986945169712792 0.02740959409594095
31 0.2592428198433421 0.12651660516605168 0.13800261096605743 0.02740959409594095
31 0.7431853785900783 0.1275719557195572 0.13986945169712806 0.02529889298892987
145 0.25362924281984334 0.6078081180811808 0.14174934725848562 0.049549815498155056
145 0.7422584856396868 0.6088708487084871 0.1380156657963447 0.04322509225092246
0 0.31983028720626633 0.5645682656826568 0.05408616187989553 0.049549815498155056
108 0.39723237597911226 0.6146568265682657 0.0932375979112271 0.04427306273062731
24 0.5725456919060052 0.6146568265682657 0.07087467362924277 0.023195571955719606
52 0.7413185378590078 0.2198228782287823 0.16225848563968664 0.1128118081180812
30 0.2573629242819843 0.19241328413284134 0.07087467362924285 0.05166051660516605
30 0.74411227154047 0.1971512915129151 0.06340731070496075 0.05060516605166049
66 0.4746344647519582 0.5983173431734318 0.08019582245430804 0.04743911439114389
105 0.49981723237597914 0.14867158671586714 0.18650130548302873 0.11597047970479704