44 0.6168407310704961 0.9763837638376384 0.706266318537859 0.041328413284132844
170 0.09530026109660575 0.9616236162361623 0.08093994778067885 0.057564575645756455
150 0.31266318537859006 0.8819188191881919 0.18929503916449086 0.14760147601476015
8 0.5013054830287206 0.8830258302583026 0.18798955613577023 0.14833948339483394
15 0.6873368146214099 0.8837638376383764 0.1866840731070496 0.14981549815498155
40 0.8753263707571801 0.8819188191881919 0.18929503916449086 0.14907749077490776
140 0.5058746736292428 0.688929889298893 0.1866840731070496 0.11143911439114391
145 0.2402088772845953 0.6261992619926199 0.14882506527415143 0.07011070110701106
145 0.7591383812010444 0.6276752767527676 0.15013054830287206 0.07306273062730627
52 0.239556135770235 0.2022140221402214 0.12402088772845953 0.08708487084870849
52 0.7630548302872062 0.2022140221402214 0.12663185378590078 0.08708487084870849
158 0.23302872062663185 0.18081180811808117 0.07180156657963446 0.04428044280442804
158 0.7539164490861618 0.18081180811808117 0.07180156657963446 0.045756457564575644
105 0.4980417754569191 0.11992619926199262 0.1866840731070496 0.12619926199261994
185 0.762402088772846 0.14649446494464943 0.14882506527415143 0.02730627306273063
185 0.23890339425587467 0.14797047970479704 0.14882506527415143 0.02730627306273063
139 0.49869451697127937 0.7586715867158672 0.20887728459530025 0.03247232472324723
34 0.28067885117493474 0.44354243542435423 0.12532637075718014 0.12103321033210332
46 0.5345953002610966 0.4970479704797048 0.16318537859007834 0.08929889298892989
48 0.43798955613577023 0.6391143911439114 0.0587467362924282 0.02952029520295203
72 0.7493472584856397 0.5479704797047971 0.1279373368146214 0.08044280442804429
147 0.2584856396866841 0.6099630996309963 0.0783289817232376 0.08929889298892989
134 0.2774151436031332 0.388929889298893 0.05613577023498695 0.05166051660516605
50 0.29699738903394257 0.5996309963099631 0.10052219321148825 0.04649446494464945
48 0.3224543080939948 0.640590405904059 0.06005221932114883 0.03394833948339483
142 0.37010443864229764 0.5915129151291513 0.06135770234986945 0.04206642066420664
159 0.2859007832898172 0.5811808118081181 0.30548302872062666 0.13948339483394834