121 0.256331592689295 0.2594907749077491 0.11725848563968667 0.08592619926199267
16 0.094177545691906 0.9615202952029519 0.0801958224543081 0.05904059040590406
44 0.615443864229765 0.9768044280442804 0.7049608355091384 0.041114391143911466
40 0.3114490861618799 0.8819188191881919 0.19395561357702354 0.14654612546125473
2 0.49981723237597914 0.8834981549815499 0.18650130548302873 0.14549077490774898
160 0.6872454308093994 0.8819188191881919 0.1846344647519583 0.14654612546125473
150 0.8746736292428199 0.8819188191881919 0.18650130548302887 0.14865682656826557
140 0.5072715404699739 0.6889815498154982 0.18650130548302873 0.10859040590405912
144 0.24058746736292427 0.6125461254612546 0.14546997389033944 0.08645018450184509
144 0.7637075718015666 0.6130701107011071 0.13986945169712806 0.08539483394833951
146 0.23953002610966057 0.6283616236162362 0.15083550913838123 0.023195571955719606
146 0.7645300261096606 0.6277712177121771 0.14197127937336815 0.023062730627306273
136 0.21762402088772845 0.2867749077490775 0.0739033942558747 0.031099630996309954
166 0.20233681462140993 0.34416236162361624 0.07879895561357704 0.08684870848708483
166 0.2937467362924282 0.3141180811808118 0.0918537859007833 0.06997785977859775
166 0.2709007832898172 0.3417269372693727 0.10304177545691907 0.08144649446494466
166 0.7189425587467363 0.3360590405904059 0.0871932114882506 0.08724723247232474
166 0.7951697127937337 0.3373136531365314 0.0881201044386423 0.0831512915129151
52 0.24151436031331594 0.20018450184501846 0.1272845953002611 0.08856088560885608
52 0.7637075718015666 0.19972693726937268 0.12402088772845953 0.09132841328413284
52 0.23988250652741513 0.14391143911439114 0.14360313315926893 0.025830258302583026
52 0.7628981723237598 0.1434538745387454 0.1452349869451697 0.024907749077490774
158 0.23009138381201044 0.17574169741697418 0.07180156657963446 0.03782287822878229
158 0.7539164490861618 0.1752767527675277 0.07180156657963446 0.03874538745387454
135 0.7096214099216711 0.5181845018450184 0.07274151436031336 0.04322509225092246
131 0.6993733681462141 0.2904649446494465 0.0783289817232376 0.06430996309963098
147 0.28347258485639687 0.5403247232472325 0.09325065274151437 0.06009594095940964
142 0.6527415143603134 0.5745904059040591 0.06340731070496082 0.04217712177121778
142 0.6751174934725849 0.546649446494465 0.06340731070496082 0.0390036900369003
142 0.7003002610966057 0.5714243542435424 0.057819843342036506 0.03795571955719562
105 0.5026109660574413 0.11966051660516604 0.192088772845953 0.12335055350553505