161 0.094177545691906 0.9615202952029519 0.0801958224543081 0.05904059040590406
44 0.615443864229765 0.9768044280442804 0.7049608355091384 0.041114391143911466
128 0.3114490861618799 0.8819188191881919 0.19395561357702354 0.14654612546125473
2 0.49981723237597914 0.8834981549815499 0.18650130548302873 0.14549077490774898
40 0.6872454308093994 0.8819188191881919 0.1846344647519583 0.14654612546125473
15 0.8746736292428199 0.8819188191881919 0.18650130548302887 0.14865682656826557
140 0.5072715404699739 0.6889815498154982 0.18650130548302873 0.10859040590405912
144 0.24058746736292427 0.6125461254612546 0.14546997389033944 0.08645018450184509
144 0.7637075718015666 0.6130701107011071 0.13986945169712806 0.08539483394833951
146 0.23953002610966057 0.6283616236162362 0.15083550913838123 0.023195571955719606
146 0.7645300261096606 0.6277712177121771 0.14197127937336815 0.023062730627306273
62 0.184621409921671 0.2308191881918819 0.0881201044386423 0.0942287822878229
143 0.27227154046997387 0.41354243542435426 0.12634464751958221 0.07564575645756458
52 0.24151436031331594 0.20018450184501846 0.1272845953002611 0.08856088560885608
52 0.7637075718015666 0.19972693726937268 0.12402088772845953 0.09132841328413284
52 0.23988250652741513 0.14391143911439114 0.14360313315926893 0.025830258302583026
52 0.7628981723237598 0.1434538745387454 0.1452349869451697 0.024907749077490774
158 0.23009138381201044 0.17574169741697418 0.07180156657963446 0.03782287822878229
158 0.7539164490861618 0.1752767527675277 0.07180156657963446 0.03874538745387454
142 0.685378590078329 0.36583025830258303 0.057806788511749314 0.03795571955719553
142 0.7348041775456919 0.355830258302583 0.05968668407310709 0.038996309963099655
142 0.8037989556135771 0.35897416974169744 0.06715404699738911 0.03901107011070112
194 0.5296475195822454 0.26251660516605163 0.13428198433420369 0.0780147601476015
105 0.5026109660574413 0.11966051660516604 0.192088772845953 0.12335055350553505
62 0.2918407310704961 0.23979335793357934 0.08626631853785903 0.09527675276752769
62 0.3123759791122715 0.21765313653136534 0.07878590078328981 0.09316605166051661
62 0.6760182767624021 0.20867896678966788 0.07133159268929509 0.09212546125461256
62 0.708668407310705 0.232929889298893 0.08439947780678855 0.09211808118081179
62 0.8205613577023498 0.2250110701107011 0.09557441253263713 0.09317343173431734
147 0.7292167101827677 0.460730627306273 0.08953002610966047 0.0822435424354244
143 0.4159007832898172 0.6900442804428044 0.12681462140992164 0.07696678966789665
60 0.43640992167101833 0.06746863468634685 0.10817232375979115 0.08012546125461253