51 0.3125065274151436 0.8814612546125462 0.18766318537859009 0.14852398523985239
8 0.5001697127937337 0.8814612546125462 0.19092689295039164 0.14852398523985239
160 0.6899477806788512 0.8819188191881919 0.18929503916449086 0.14760147601476015
150 0.8746736292428199 0.8819188191881919 0.18276762402088773 0.14760147601476015
16 0.09464751958224543 0.9612546125461254 0.08485639686684072 0.05719557195571956
44 0.6168407310704961 0.976479704797048 0.7114882506527415 0.03966789667896679
144 0.2410313315926893 0.6130996309963099 0.14849869451697129 0.08487084870848709
144 0.7622454308093994 0.6112546125461255 0.1491514360313316 0.08597785977859779
140 0.505065274151436 0.6872693726937269 0.19092689295039164 0.11254612546125461
52 0.2327023498694517 0.1992619926199262 0.13838120104438642 0.09225092250922509
52 0.755065274151436 0.19972693726937268 0.14131853785900783 0.09132841328413284
185 0.23988250652741513 0.14428044280442803 0.1468668407310705 0.025092250922509225
185 0.7637075718015666 0.14391143911439114 0.1468668407310705 0.023985239852398525
27 0.21638381201044388 0.18874538745387454 0.1077023498694517 0.06088560885608856
27 0.7390731070496084 0.1881918819188192 0.1054177545691906 0.06420664206642067
105 0.5034334203655353 0.12177121771217712 0.19745430809399478 0.12361623616236163
146 0.239556135770235 0.6284132841328414 0.1475195822454308 0.022878228782287822
146 0.7617493472584856 0.6284132841328414 0.1475195822454308 0.021402214022140223
143 0.3368146214099217 0.36678966789667894 0.1409921671018277 0.07527675276752767
68 0.42297650130548303 0.33911439114391145 0.09399477806788512 0.06863468634686347
26 0.7343342036553525 0.38634686346863467 0.10835509138381201 0.06568265682656826
147 0.7147519582245431 0.4228782287822878 0.097911227154047 0.08560885608856089
94 0.806135770234987 0.625830258302583 0.283289817232376 0.17269372693726937
174 0.8962140992167101 0.5571955719557196 0.05352480417754569 0.03247232472324723
174 0.914490861618799 0.6055350553505535 0.048302872062663184 0.037638376383763834
174 0.7545691906005222 0.6553505535055351 0.05483028720626632 0.03690036900369004
164 0.6527415143603134 0.3066420664206642 0.06266318537859007 0.05830258302583026
163 0.7545691906005222 0.3549815498154982 0.1279373368146214 0.06789667896678966