44 0.6176631853785901 0.9760147601476015 0.7065926892950392 0.04059040590405904
128 0.5 0.8821476014760147 0.18798955613577023 0.14833948339483394
150 0.6879895561357703 0.8814095940959409 0.185378590078329 0.14833948339483394
8 0.8746736292428199 0.8817785977859778 0.18798955613577023 0.14907749077490776
144 0.23890339425587467 0.6101918819188191 0.14882506527415143 0.08708487084870849
146 0.23825065274151436 0.6242140221402214 0.1475195822454308 0.023616236162361623
105 0.5019582245430809 0.11512915129151291 0.15274151436031333 0.12841328413284134
53 0.23563968668407312 0.222140221402214 0.14490861618798956 0.07232472324723248
53 0.7597911227154047 0.21660516605166052 0.1279373368146214 0.06420664206642067
170 0.09399477806788512 0.9618081180811808 0.08093994778067885 0.05830258302583026
146 0.7617493472584856 0.6250922509225092 0.1475195822454308 0.02214022140221402
140 0.5 0.6856088560885609 0.14882506527415143 0.1047970479704797
144 0.762402088772846 0.6109298892988929 0.1462140992167102 0.08560885608856089
107 0.4993472584856397 0.03136531365313653 0.20496083550913838 0.033210332103321034
137 0.293733681462141 0.17601476014760148 0.0783289817232376 0.1025830258302583
147 0.3681462140992167 0.15387453874538745 0.08616187989556136 0.05682656826568266
51 0.3113577023498694 0.8822140221402215 0.1866840731070496 0.14819926199261987
108 0.2212793733681462 0.34391143911439115 0.10574412532637076 0.06199261992619926
159 0.37989556135770236 0.1752767527675277 0.30548302872062666 0.13505535055350554