44 0.6168407310704961 0.9763837638376384 0.706266318537859 0.041328413284132844
3 0.09530026109660575 0.9616236162361623 0.08093994778067885 0.057564575645756455
15 0.31266318537859006 0.8819188191881919 0.18929503916449086 0.14760147601476015
150 0.5 0.8830258302583026 0.18798955613577023 0.14833948339483394
169 0.6873368146214099 0.8837638376383764 0.1866840731070496 0.14981549815498155
40 0.8753263707571801 0.8819188191881919 0.18929503916449086 0.14907749077490776
140 0.5058746736292428 0.688929889298893 0.1866840731070496 0.11143911439114391
144 0.2402088772845953 0.6118081180811809 0.14882506527415143 0.08708487084870849
144 0.7630548302872062 0.6125461254612546 0.15013054830287206 0.08856088560885608
146 0.239556135770235 0.6287822878228783 0.1475195822454308 0.025092250922509225
146 0.7610966057441253 0.6284132841328414 0.14882506527415143 0.024354243542435424
52 0.239556135770235 0.2022140221402214 0.12402088772845953 0.08708487084870849
52 0.7630548302872062 0.2022140221402214 0.12663185378590078 0.08708487084870849
158 0.23302872062663185 0.18081180811808117 0.07180156657963446 0.04428044280442804
158 0.7539164490861618 0.18081180811808117 0.07180156657963446 0.045756457564575644
105 0.4980417754569191 0.11992619926199262 0.1866840731070496 0.12619926199261994
46 0.7343342036553525 0.3797047970479705 0.15796344647519583 0.08634686346863468
134 0.25 0.4446494464944649 0.07963446475195822 0.06420664206642067
112 0.7715404699738904 0.4088560885608856 0.07571801566579635 0.05461254612546126
72 0.2845953002610966 0.35239852398523985 0.10966057441253264 0.06273062730627306
47 0.7251958224543081 0.3254612546125461 0.15535248041775457 0.08265682656826569
113 0.8009138381201044 0.3726937269372694 0.06657963446475196 0.03099630996309963
34 0.4751958224543081 0.2612546125461255 0.2819843342036554 0.12841328413284134
166 0.4725848563968668 0.23431734317343172 0.0783289817232376 0.09372693726937269
114 0.779373368146214 0.303690036900369 0.13315926892950392 0.1070110701107011
185 0.23890339425587467 0.14797047970479704 0.14882506527415143 0.02730627306273063
185 0.7617493472584856 0.14797047970479704 0.15013054830287206 0.02730627306273063