144 0.23964751958224542 0.6125461254612546 0.15105744125326367 0.08856088560885608
144 0.7637075718015666 0.6125461254612546 0.15105744125326376 0.09067158671586709
146 0.2387206266318538 0.6278302583025831 0.14920365535248045 0.028464944649446447
146 0.7618407310704961 0.6283616236162362 0.15479112271540463 0.02952029520295203
140 0.5054046997389033 0.6868708487084871 0.19022193211488256 0.10859040590405894
40 0.31424281984334207 0.8829741697416975 0.18090078328981724 0.14443542435424356
2 0.49981723237597914 0.8824501845018451 0.18650130548302873 0.14338745387453872
160 0.6881723237597911 0.8824501845018451 0.19022193211488256 0.14338745387453872
169 0.8746736292428199 0.8819261992619926 0.18276762402088773 0.14443542435424356
16 0.094177545691906 0.9604649446494465 0.0801958224543081 0.056929889298892894
44 0.6182375979112271 0.9752250922509226 0.7105613577023498 0.04006642066420662
27 0.21633159268929505 0.18766789667896677 0.10817232375979115 0.06325461254612545
27 0.7403916449086162 0.18713653136531364 0.11189295039164496 0.06220664206642066
52 0.2387206266318538 0.19557195571955718 0.17157963446475197 0.11491512915129154
185 0.2377806788511749 0.12493726937269373 0.15105744125326367 0.02635424354243541
185 0.7618407310704961 0.12598523985239854 0.15105744125326376 0.02846494464944649
52 0.7618407310704961 0.19504797047970482 0.17344647519582232 0.11808118081180811
105 0.5016840731070497 0.11913653136531366 0.19022193211488256 0.12440590405904059
174 0.3856919060052219 0.31957195571955715 0.03537859007832901 0.0383173431734317
174 0.3741514360313316 0.3461107011070111 0.034438642297650125 0.04040590405904059
174 0.5500913838120105 0.29395571955719557 0.03395561357702349 0.043549815498154974
174 0.345 0.30974169741697416 0.03421671018276763 0.04530627306273062
174 0.7006266318537858 0.31080442804428043 0.03633159268929494 0.04492250922509226
174 0.3923237597911227 0.27492250922509226 0.03912532637075722 0.04148339483394837
174 0.6121018276762402 0.3077490774907749 0.03157963446475203 0.04416236162361626
174 0.6528851174934726 0.3414391143911439 0.0405221932114882 0.039675276752767524
174 0.7037989556135771 0.24873062730627304 0.035326370757180085 0.041667896678966816
174 0.5895953002610966 0.2826568265682657 0.03946475195822457 0.04051660516605164
174 0.5759138381201044 0.3344723247232472 0.039033942558746704 0.051350553505535086
174 0.6518146214099216 0.3094391143911439 0.039164490861618724 0.02635424354243545
174 0.653668407310705 0.2836088560885609 0.03916449086161887 0.02952029520295203
174 0.6266318537859008 0.26620664206642064 0.03356396866840736 0.03478966789667896
183 0.85322454308094 0.11650184501845019 0.10257180156657955 0.08329151291512916