161 0.094177545691906 0.9615202952029519 0.0801958224543081 0.05904059040590406
44 0.615443864229765 0.9768044280442804 0.7049608355091384 0.041114391143911466
128 0.3114490861618799 0.8819188191881919 0.19395561357702354 0.14654612546125473
2 0.49981723237597914 0.8834981549815499 0.18650130548302873 0.14549077490774898
51 0.6872454308093994 0.8819188191881919 0.1846344647519583 0.14654612546125473
15 0.8746736292428199 0.8819188191881919 0.18650130548302887 0.14865682656826557
140 0.5072715404699739 0.6889815498154982 0.18650130548302873 0.10859040590405912
144 0.24058746736292427 0.6125461254612546 0.14546997389033944 0.08645018450184509
144 0.7637075718015666 0.6130701107011071 0.13986945169712806 0.08539483394833951
146 0.23953002610966057 0.6283616236162362 0.15083550913838123 0.023195571955719606
146 0.7645300261096606 0.6277712177121771 0.14197127937336815 0.023062730627306273
62 0.1939425587467363 0.255070110701107 0.0881201044386423 0.09422878228782293
143 0.26667101827676243 0.3935129151291513 0.12634464751958227 0.07143173431734315
52 0.24151436031331594 0.20018450184501846 0.1272845953002611 0.08856088560885608
52 0.7637075718015666 0.19972693726937268 0.12402088772845953 0.09132841328413284
52 0.23988250652741513 0.14391143911439114 0.14360313315926893 0.025830258302583026
52 0.7628981723237598 0.1434538745387454 0.1452349869451697 0.024907749077490774
158 0.23009138381201044 0.17574169741697418 0.07180156657963446 0.03782287822878229
158 0.7539164490861618 0.1752767527675277 0.07180156657963446 0.03874538745387454
142 0.6741906005221932 0.3268191881918819 0.057806788511749314 0.03795571955719553
142 0.7338772845953002 0.31471586715867156 0.057819843342036506 0.04532103321033208
142 0.7814229765013055 0.32101845018450187 0.06715404699738911 0.03901107011070112
194 0.5296475195822454 0.26251660516605163 0.13428198433420369 0.0780147601476015
105 0.5026109660574413 0.11966051660516604 0.192088772845953 0.12335055350553505
62 0.2806527415143603 0.26140959409594094 0.08626631853785899 0.09000738007380077
62 0.29092689295039165 0.2387380073800738 0.07691906005221934 0.0868413284132841
62 0.7095822454308094 0.22976383763837638 0.07506527415143603 0.08791143911439114
62 0.7161227154046996 0.255070110701107 0.08439947780678864 0.08579335793357934
62 0.8103002610966058 0.2460959409594096 0.07506527415143603 0.08684870848708483
147 0.7254830287206266 0.42488560885608856 0.08953002610966047 0.0822435424354244
143 0.36834203655352477 0.6768634686346864 0.13986945169712792 0.07169741697416981
60 0.39258485639686685 0.08380811808118081 0.11377284595300258 0.08118081180811808