145 0.2402088772845953 0.6247232472324723 0.1514360313315927 0.07749077490774908
144 0.762402088772846 0.611439114391144 0.1514360313315927 0.08929889298892989
146 0.7630548302872062 0.6280442804428045 0.15013054830287206 0.023616236162361623
140 0.5078328981723238 0.6878228782287823 0.185378590078329 0.11365313653136531
44 0.6181462140992167 0.9767527675276753 0.7088772845953003 0.04206642066420664
150 0.0926892950391645 0.9619926199261992 0.0783289817232376 0.05977859778597786
2 0.30809399477806787 0.8822878228782288 0.185378590078329 0.14686346863468636
8 0.4993472584856397 0.8826568265682657 0.1866840731070496 0.14612546125461254
51 0.6879895561357703 0.8822878228782288 0.1906005221932115 0.14538745387453875
160 0.8772845953002611 0.8822878228782288 0.18798955613577023 0.14538745387453875
52 0.2402088772845953 0.20184501845018452 0.1227154046997389 0.08782287822878229
52 0.7637075718015666 0.2011070110701107 0.1227154046997389 0.08634686346863468
185 0.7617493472584856 0.14649446494464943 0.1475195822454308 0.025830258302583026
158 0.2310704960835509 0.1797047970479705 0.06527415143603134 0.043542435424354244
158 0.7526109660574413 0.18044280442804428 0.07180156657963446 0.045018450184501846
105 0.4980417754569191 0.12103321033210332 0.18929503916449086 0.12398523985239852
185 0.2402088772845953 0.14649446494464943 0.14882506527415143 0.02730627306273063
107 0.5 0.03394833948339483 0.206266318537859 0.028044280442804426
87 0.3348563968668407 0.30553505535055353 0.13968668407310705 0.0988929889298893
139 0.4993472584856397 0.7590405904059041 0.21018276762402088 0.033210332103321034
147 0.7395561357702349 0.43726937269372695 0.1031331592689295 0.08634686346863468
180 0.29765013054830286 0.33579335793357934 0.07049608355091384 0.05904059040590406
186 0.7650130548302873 0.41623616236162364 0.05483028720626632 0.05608856088560885
87 0.6155352480417755 0.34870848708487084 0.1370757180156658 0.1055350553505535
176 0.8433420365535248 0.4158671586715867 0.11488250652741515 0.06568265682656826
176 0.7454308093994778 0.4044280442804428 0.0783289817232376 0.05461254612546126
143 0.260443864229765 0.4173431734317343 0.13446475195822455 0.07896678966789668
19 0.141644908616188 0.25461254612546125 0.12402088772845953 0.11365313653136531
82 0.5248041775456919 0.2649446494464945 0.12010443864229765 0.08413284132841328
180 0.6279373368146214 0.381549815498155 0.07049608355091384 0.05904059040590406
180 0.3472584856396867 0.3380073800738007 0.07049608355091384 0.05904059040590406
180 0.6697127937336814 0.3712177121771218 0.07049608355091384 0.05904059040590406
137 0.5685378590078329 0.588929889298893 0.07702349869451697 0.09446494464944649