159 0.24244125326370758 0.3679483394833948 0.2983942558746736 0.1370553505535055
143 0.2760313315926893 0.5392841328413285 0.13054830287206268 0.07064206642066423
129 0.094177545691906 0.9615202952029519 0.0801958224543081 0.05904059040590406
44 0.615443864229765 0.9768044280442804 0.7049608355091384 0.041114391143911466
8 0.3114490861618799 0.8819188191881919 0.19395561357702354 0.14654612546125473
150 0.49981723237597914 0.8834981549815499 0.18650130548302873 0.14549077490774898
40 0.6872454308093994 0.8819188191881919 0.1846344647519583 0.14654612546125473
15 0.8746736292428199 0.8819188191881919 0.18650130548302887 0.14865682656826557
140 0.5072715404699739 0.6889815498154982 0.18650130548302873 0.10859040590405912
144 0.24058746736292427 0.6125461254612546 0.14546997389033944 0.08645018450184509
144 0.7637075718015666 0.6130701107011071 0.13986945169712806 0.08539483394833951
146 0.23953002610966057 0.6283616236162362 0.15083550913838123 0.023195571955719606
146 0.7645300261096606 0.6277712177121771 0.14197127937336815 0.023062730627306273
62 0.19953002610966059 0.4321918819188192 0.08065274151436033 0.09211808118081176
52 0.24151436031331594 0.20018450184501846 0.1272845953002611 0.08856088560885608
52 0.7637075718015666 0.19972693726937268 0.12402088772845953 0.09132841328413284
52 0.23988250652741513 0.14391143911439114 0.14360313315926893 0.025830258302583026
52 0.7628981723237598 0.1434538745387454 0.1452349869451697 0.024907749077490774
158 0.23009138381201044 0.17574169741697418 0.07180156657963446 0.03782287822878229
158 0.7539164490861618 0.1752767527675277 0.07180156657963446 0.03874538745387454
142 0.1921018276762402 0.4939261992619926 0.05967362924281983 0.0411217712177122
142 0.235 0.47918081180811806 0.06342036553524802 0.041107011070110736
142 0.26483028720626633 0.49656088560885614 0.07462140992167098 0.03374169741697419
194 0.5203263707571801 0.26251660516605163 0.13428198433420369 0.0780147601476015
105 0.5026109660574413 0.11966051660516604 0.192088772845953 0.12335055350553505
62 0.24989556135770233 0.423239852398524 0.0881201044386423 0.08684132841328418
62 0.7767362924281984 0.40056088560885605 0.08625326370757172 0.09211808118081176
147 0.6704177545691905 0.554479704797048 0.07881201044386416 0.0647084870848709
60 0.2750913838120104 0.27146863468634685 0.17345953002610964 0.0875055350553506