44 0.6181462140992167 0.9767527675276753 0.706266318537859 0.04059040590405904
160 0.31201044386422977 0.8822878228782288 0.1906005221932115 0.14686346863468636
150 0.4993472584856397 0.8845018450184502 0.18407310704960836 0.14391143911439114
40 0.6873368146214099 0.8833948339483395 0.1866840731070496 0.14464944649446496
3 0.09530026109660575 0.9612546125461254 0.0835509138381201 0.05977859778597786
144 0.24151436031331594 0.6132841328413284 0.14882506527415143 0.08708487084870849
144 0.7617493472584856 0.6125461254612546 0.15013054830287206 0.08856088560885608
146 0.2402088772845953 0.6291512915129152 0.14882506527415143 0.024354243542435424
146 0.7610966057441253 0.6280442804428045 0.1514360313315927 0.023616236162361623
140 0.5058746736292428 0.6892988929889299 0.18929503916449086 0.11070110701107011
52 0.24086161879895562 0.20184501845018452 0.12924281984334204 0.08487084870848709
52 0.7637075718015666 0.2025830258302583 0.12532637075718014 0.08634686346863468
185 0.762402088772846 0.14797047970479704 0.1462140992167102 0.02730627306273063
185 0.24086161879895562 0.14760147601476015 0.1475195822454308 0.026568265682656828
105 0.4960835509138381 0.11992619926199262 0.1906005221932115 0.12472324723247233
5 0.3642297650130548 0.2473579335793358 0.10966057441253264 0.05191143911439117
32 0.7891644908616188 0.24686346863468633 0.097911227154047 0.09372693726937269
97 0.6129242819843342 0.296309963099631 0.12140992167101827 0.07011070110701106
147 0.7872062663185379 0.6512915129151291 0.09399477806788512 0.05977859778597786
137 0.22258485639686684 0.6476014760147601 0.13185378590078328 0.0907749077490775
135 0.5620104438642297 0.7354243542435425 0.07180156657963446 0.037638376383763834
128 0.8753263707571801 0.8837638376383764 0.1919060052219321 0.14833948339483394