122 0.512402088772846 0.5833948339483395 0.09530026109660575 0.07158671586715867
52 0.26109660574412535 0.21734317343173432 0.16449086161879894 0.11291512915129151
53 0.7434725848563969 0.23468634686346865 0.15274151436031333 0.06789667896678966
107 0.5 0.06383763837638376 0.19321148825065274 0.03173431734317343
105 0.49869451697127937 0.14464944649446496 0.18276762402088773 0.12693726937269373
180 0.5913838120104439 0.5291512915129152 0.07049608355091384 0.05608856088560885
180 0.4275456919060052 0.5276752767527675 0.06919060052219321 0.05608856088560885
27 0.2362924281984334 0.2092250922509225 0.10704960835509138 0.061254612546125464
185 0.2591383812010444 0.15202952029520295 0.1422976501305483 0.025092250922509225
145 0.25718015665796345 0.6066420664206642 0.14882506527415143 0.042804428044280446
145 0.7441253263707572 0.607380073800738 0.14882506527415143 0.047232472324723246
180 0.7402088772845953 0.6055350553505535 0.06005221932114883 0.045018450184501846