2 0.3125065274151436 0.8814612546125462 0.18766318537859009 0.14852398523985239
160 0.5001697127937337 0.8814612546125462 0.19092689295039164 0.14852398523985239
40 0.6899477806788512 0.8819188191881919 0.18929503916449086 0.14760147601476015
137 0.8746736292428199 0.8819188191881919 0.18276762402088773 0.14760147601476015
151 0.09464751958224543 0.9612546125461254 0.08485639686684072 0.05719557195571956
44 0.6168407310704961 0.976479704797048 0.7114882506527415 0.03966789667896679
144 0.2410313315926893 0.6130996309963099 0.14849869451697129 0.08487084870848709
144 0.7622454308093994 0.6112546125461255 0.1491514360313316 0.08597785977859779
140 0.505065274151436 0.6872693726937269 0.19092689295039164 0.11254612546125461
52 0.2327023498694517 0.1992619926199262 0.13838120104438642 0.09225092250922509
52 0.755065274151436 0.19972693726937268 0.14131853785900783 0.09132841328413284
185 0.23988250652741513 0.14428044280442803 0.1468668407310705 0.025092250922509225
185 0.7637075718015666 0.14391143911439114 0.1468668407310705 0.023985239852398525
27 0.21638381201044388 0.18874538745387454 0.1077023498694517 0.06088560885608856
27 0.7390731070496084 0.1881918819188192 0.1054177545691906 0.06420664206642067
105 0.5034334203655353 0.12177121771217712 0.19745430809399478 0.12361623616236163
146 0.239556135770235 0.6284132841328414 0.1475195822454308 0.022878228782287822
146 0.7617493472584856 0.6284132841328414 0.1475195822454308 0.021402214022140223
164 0.23368146214099217 0.4143911439114391 0.06788511749347259 0.055350553505535055
26 0.7343342036553525 0.3881918819188192 0.11096605744125326 0.07380073800738007
22 0.20691906005221933 0.3284132841328413 0.10835509138381201 0.08708487084870849
123 0.2734986945169713 0.3104649446494465 0.12140992167101827 0.12102583025830259
143 0.720626631853786 0.45645756457564574 0.08616187989556136 0.0952029520295203
147 0.2454308093994778 0.4752767527675277 0.09399477806788512 0.05904059040590406
135 0.4177545691906005 0.6284132841328414 0.07571801566579635 0.037638376383763834
142 0.1514360313315927 0.4826568265682657 0.06266318537859007 0.041328413284132844
142 0.19778067885117492 0.48154981549815495 0.05613577023498695 0.04649446494464945
94 0.5215404699738904 0.5191881918819188 0.38511749347258484 0.17638376383763837
174 0.5691906005221932 0.43837638376383764 0.033942558746736295 0.03985239852398524
174 0.6057441253263708 0.4483394833948339 0.04177545691906005 0.03911439114391144
174 0.6475195822454308 0.5645756457564576 0.033942558746736295 0.03985239852398524