52 0.7647911227154047 0.19864944649446495 0.16753263707571792 0.1168487084870849
52 0.23390339425587467 0.20049446494464945 0.15447780678851172 0.11070110701107011
180 0.7223629242819843 0.47540221402214017 0.06527415143603134 0.052885608856088624
144 0.23607049608355093 0.6143911439114391 0.15447780678851172 0.0873284132841328
144 0.7647911227154047 0.6100885608856088 0.14578328981723246 0.08856088560885608
140 0.5069582245430809 0.6900369003690037 0.19147519582245426 0.11070110701107011
105 0.4982637075718016 0.12177121771217712 0.17842036553524798 0.13529889298892991
8 0.3106657963446475 0.8805166051660516 0.1917754569190601 0.14303321033210328
2 0.4985639686684073 0.8825313653136531 0.1927154046997389 0.14391143911439114
15 0.6866318537859009 0.8837638376383764 0.19022193211488256 0.14636900369003686
40 0.8763838120104438 0.8825313653136531 0.19364229765013044 0.14391143911439114
170 0.09464751958224543 0.959409594095941 0.08050913838120105 0.06396309963099636
44 0.29699738903394257 0.9659114391143911 0.06309399477806786 0.028811808118081154
71 0.8039425587467364 0.499380073800738 0.03698433420365526 0.04673800738007375
185 0.24151436031331594 0.12177121771217712 0.14795039164490859 0.02952029520295203
185 0.7626240208877284 0.12484870848708486 0.15013054830287206 0.02828782287822877
146 0.2393342036553525 0.6285387453874538 0.14360313315926893 0.02214022140221402
146 0.76588772845953 0.6291512915129152 0.14360313315926893 0.020907749077490722
174 0.22301566579634466 0.47232472324723246 0.05439947780678853 0.03935793357933574
174 0.7691122715404699 0.4691808118081181 0.05374673629242829 0.03554981549815504
174 0.8180678851174935 0.47456088560885606 0.04046997389033943 0.02873800738007384
174 0.2904699738903394 0.4710922509225093 0.04133159268929507 0.03444280442804434
174 0.7713185378590078 0.4975350553505535 0.04570496083550913 0.03813284132841334
39 0.24912532637075718 0.45571955719557194 0.05439947780678853 0.06518819188191877
174 0.7430548302872062 0.45018450184501846 0.04133159268929515 0.034435424354243606
180 0.33506527415143605 0.19618450184501843 0.05656657963446477 0.05780811808118082
180 0.3154830287206266 0.16098154981549814 0.0478720626631854 0.03966789667896679
180 0.6734073107049608 0.1543690036900369 0.0500391644908616 0.0578081180811808
96 0.8550913838120104 0.19680442804428044 0.05656657963446466 0.03690036900369004
71 0.14251958224543082 0.09901845018450184 0.04569190600522193 0.033210332103321034
80 0.8442167101827676 0.07072324723247232 0.05221932114882506 0.04551291512915128
158 0.23280678851174935 0.1752767527675277 0.06527415143603134 0.04059040590405904
158 0.755 0.17712177121771217 0.07398172323759801 0.0393579335793358