3 0.09530026109660575 0.9614464944649447 0.08093994778067885 0.05869372693726952
15 0.3152741514360313 0.8808339483394834 0.17885117493472585 0.14169741697416974
128 0.4993472584856397 0.8830258302583026 0.18407310704960836 0.14686346863468636
8 0.6847258485639687 0.8826568265682657 0.19451697127937337 0.14612546125461254
40 0.8766318537859008 0.8822878228782288 0.18929503916449086 0.14538745387453875
140 0.5052219321148825 0.688929889298893 0.185378590078329 0.11143911439114391
144 0.24086161879895562 0.6140221402214022 0.1475195822454308 0.09151291512915129
144 0.762402088772846 0.6158671586715867 0.1462140992167102 0.08782287822878229
146 0.23890339425587467 0.6287822878228783 0.14882506527415143 0.025092250922509225
146 0.762402088772846 0.6287822878228783 0.14882506527415143 0.025092250922509225
52 0.23890339425587467 0.1966789667896679 0.16971279373368145 0.11734317343173432
52 0.762402088772846 0.1966789667896679 0.1671018276762402 0.11586715867158671
185 0.23825065274151436 0.11660516605166052 0.15013054830287206 0.026568265682656828
185 0.7617493472584856 0.11697416974169741 0.15013054830287206 0.028782287822878228
105 0.4993472584856397 0.11918819188191881 0.1919060052219321 0.12324723247232472
28 0.23890339425587467 0.17416974169741697 0.08877284595300261 0.05461254612546126
28 0.7637075718015666 0.17380073800738008 0.0835509138381201 0.05682656826568266
20 0.2519582245430809 0.4265682656826568 0.04960835509138381 0.06199261992619926
100 0.672976501305483 0.17601476014760148 0.07441253263707572 0.05682656826568266
17 0.779373368146214 0.533210332103321 0.08616187989556136 0.06568265682656826
139 0.5 0.7586715867158672 0.20365535248041775 0.03394833948339483
17 0.10574412532637076 0.0918819188191882 0.07049608355091384 0.05830258302583026
10 0.5274151436031331 0.4752767527675277 0.08877284595300261 0.05166051660516605
44 0.6168407310704961 0.9760147601476015 0.7049608355091384 0.03874538745387454