52 0.7637075718015666 0.2022140221402214 0.1279373368146214 0.08560885608856089
44 0.6174934725848564 0.9763837638376384 0.7075718015665796 0.042804428044280446
161 0.09399477806788512 0.9601476014760147 0.08093994778067885 0.05904059040590406
15 0.3113577023498694 0.8822878228782288 0.1919060052219321 0.14833948339483394
8 0.5006527415143603 0.8833948339483395 0.18929503916449086 0.14760147601476015
128 0.6873368146214099 0.8833948339483395 0.18929503916449086 0.14612546125461254
40 0.8740208877284595 0.8830258302583026 0.1866840731070496 0.14833948339483394
140 0.5058746736292428 0.6874538745387454 0.18407310704960836 0.11734317343173432
144 0.24151436031331594 0.611439114391144 0.14882506527415143 0.08634686346863468
145 0.7604438642297651 0.625830258302583 0.15535248041775457 0.07527675276752767
146 0.23890339425587467 0.6287822878228783 0.1514360313315927 0.025092250922509225
53 0.23759791122715404 0.2154981549815498 0.15404699738903394 0.07232472324723248
158 0.7643603133159269 0.17859778597785977 0.06657963446475196 0.041328413284132844
185 0.762402088772846 0.14760147601476015 0.1514360313315927 0.026568265682656828
105 0.49738903394255873 0.11992619926199262 0.18798955613577023 0.12324723247232472
139 0.49738903394255873 0.7601476014760148 0.21409921671018275 0.03394833948339483
70 0.7199738903394256 0.3376383763837638 0.07180156657963446 0.05830258302583026
157 0.814621409921671 0.23284132841328414 0.08616187989556136 0.06715867158671587
33 0.097911227154047 0.08782287822878229 0.10704960835509138 0.07232472324723248
107 0.4993472584856397 0.03143911439114391 0.20496083550913838 0.03453136531365314
124 0.1409921671018277 0.5988929889298893 0.09399477806788512 0.08191881918819188
36 0.5254569190600522 0.3243542435424354 0.3381201044386423 0.15424354243542435
147 0.360313315926893 0.13800738007380073 0.0783289817232376 0.0929889298892989