55 0.7730287206266319 0.37005904059040595 0.08391644908616185 0.0590405904059041
55 0.7217493472584856 0.355830258302583 0.08951697127937329 0.06009594095940964
150 0.3114490861618799 0.8819188191881919 0.19022193211488256 0.14654612546125473
128 0.49887728459530023 0.8840295202952029 0.18090078328981715 0.14654612546125473
2 0.6881723237597911 0.8824428044280443 0.19022193211488256 0.14760147601476015
160 0.8737467362924282 0.8829741697416975 0.18836814621409917 0.15076752767527674
16 0.094177545691906 0.9620442804428044 0.0801958224543081 0.057985239852398646
44 0.6182375979112271 0.9762804428044279 0.7068276762402088 0.04216974169741688
140 0.5054046997389033 0.6874022140221402 0.19022193211488256 0.11808118081180811
145 0.2377806788511749 0.6230922509225092 0.15105744125326367 0.07169741697416981
145 0.7627806788511748 0.6220369003690037 0.14920365535248037 0.07169003690036908
52 0.24151436031331594 0.2024280442804428 0.12868146214099216 0.08856088560885608
52 0.7646344647519583 0.20084132841328411 0.12309399477806784 0.08961623616236165
185 0.23964751958224542 0.14180811808118082 0.14733681462140993 0.02635424354243541
185 0.7646344647519583 0.14233210332103322 0.1454699738903395 0.02530627306273064
30 0.23964751958224542 0.17396309963099632 0.06900783289817235 0.04428044280442806
30 0.7627676240208877 0.17343173431734318 0.07087467362924277 0.043225092250922525
105 0.5035509138381201 0.1201918819188192 0.1715665796344647 0.1307380073800738
31 0.2387206266318538 0.11650184501845019 0.14920365535248045 0.02635424354243541
31 0.7646344647519583 0.11491512915129153 0.14173629242819835 0.02530627306273064
67 0.2816057441253264 0.47601476014760147 0.08578328981723235 0.07273800738007376
142 0.7618276762402088 0.3589815498154982 0.068994778067885 0.03478966789667896
142 0.7758485639686683 0.3394907749077491 0.06340731070496075 0.04006642066420662
139 0.49981723237597914 0.7596236162361624 0.20514360313315924 0.030575645756457527
103 0.47464751958224544 0.25197785977859777 0.12122715404699741 0.12440590405904063
55 0.7217493472584856 0.3178671586715867 0.06340731070496075 0.03268634686346861
55 0.7823629242819843 0.32050922509225094 0.07274151436031336 0.0421771217712177
55 0.7963315926892951 0.3442287822878229 0.05967362924281989 0.06430996309963098
138 0.3058616187989556 0.6515571955719557 0.06340731070496082 0.03163099630996303
147 0.11842036553524804 0.6568265682656826 0.0876501305483029 0.061151291512915054
91 0.22472584856396866 0.5224059040590406 0.08765013054830285 0.07696678966789665
135 0.2172715404699739 0.5819704797047971 0.0764621409921671 0.04006642066420662