161 0.09464751958224543 0.9616236162361623 0.08224543080939947 0.05904059040590406
15 0.3133159268929504 0.8826568265682657 0.1906005221932115 0.14760147601476015
51 0.5 0.8826568265682657 0.18798955613577023 0.14612546125461254
128 0.6879895561357703 0.8833948339483395 0.19321148825065274 0.14612546125461254
2 0.8759791122715405 0.8833948339483395 0.18276762402088773 0.14612546125461254
140 0.5039164490861618 0.688929889298893 0.18798955613577023 0.1099630996309963
139 0.49869451697127937 0.7590405904059041 0.20887728459530025 0.033210332103321034
174 0.5724543080939948 0.7284132841328413 0.04569190600522193 0.03690036900369004
143 0.6768929503916449 0.6867158671586716 0.15274151436031333 0.07453874538745388
80 0.7193211488250653 0.6656826568265682 0.06266318537859007 0.042804428044280446
80 0.6697127937336814 0.6546125461254613 0.04699738903394256 0.03394833948339483
135 0.5241514360313316 0.629889298892989 0.07702349869451697 0.021402214022140223
122 0.6057441253263708 0.5461254612546126 0.08877284595300261 0.07822878228782287
174 0.7108355091383812 0.607380073800738 0.04569190600522193 0.03837638376383764
174 0.6899477806788512 0.5745387453874539 0.037859007832898174 0.03173431734317343
95 0.7251958224543081 0.37306273062730627 0.05352480417754569 0.06568265682656826
95 0.7454308093994778 0.4132841328413284 0.06266318537859007 0.07380073800738007
95 0.7787206266318538 0.37896678966789665 0.05613577023498695 0.07453874538745388
44 0.6168407310704961 0.9756974169741697 0.7088772845953003 0.03995571955719548
25 0.856396866840731 0.11512915129151291 0.10704960835509138 0.08265682656826569
122 0.39033942558746737 0.2730627306273063 0.09660574412532637 0.07822878228782287
52 0.2402088772845953 0.1970479704797048 0.16971279373368145 0.11660516605166052
53 0.7578328981723238 0.2177121771217712 0.15274151436031333 0.06789667896678966
185 0.24086161879895562 0.12730627306273062 0.15013054830287206 0.02730627306273063
107 0.49673629242819844 0.030627306273062732 0.20757180156657964 0.03468634686346864
105 0.5006527415143603 0.11512915129151291 0.1866840731070496 0.13431734317343175
138 0.2003916449086162 0.6937269372693727 0.07702349869451697 0.02952029520295203
145 0.24086161879895562 0.6269372693726937 0.15274151436031333 0.07306273062730627
145 0.7597911227154047 0.6250922509225092 0.1566579634464752 0.07380073800738007
27 0.2154046997389034 0.18708487084870848 0.10704960835509138 0.06273062730627306