100 0.753603133159269 0.43753505535055354 0.11593994778067877 0.06466420664206651
100 0.2603002610966057 0.2777269372693727 0.11531331592689292 0.07116605166051657
17 0.22161879895561357 0.5476236162361623 0.0870365535248042 0.05464944649446491
52 0.23964751958224542 0.19662730627306274 0.16971279373368145 0.11491512915129154
13 0.19381201044386423 0.5030848708487085 0.057506527415143616 0.03162361623616229
13 0.2231723237597911 0.4775129151291513 0.0391644908616188 0.02828782287822873
13 0.18447780678851175 0.4536974169741697 0.03886422976501305 0.028464944649446447
13 0.1921018276762402 0.5216088560885609 0.055939947780678866 0.028642066420664167
2 0.3133159268929504 0.8808634686346863 0.19022193211488256 0.1423321033210333
169 0.49981723237597914 0.8840295202952029 0.19022193211488256 0.14443542435424356
51 0.6863054830287206 0.8856088560885609 0.19022193211488256 0.14760147601476015
40 0.8765404699738902 0.8845535055350553 0.19022193211488256 0.14549077490774898
144 0.23964751958224542 0.6136014760147601 0.14733681462140993 0.08434686346863465
144 0.7637075718015666 0.6141254612546125 0.1473368146214098 0.08539483394833951
146 0.23964751958224542 0.6278302583025831 0.15105744125326367 0.02635424354243545
146 0.7637075718015666 0.6273062730627307 0.1473368146214098 0.0253062730627306
139 0.49887728459530023 0.7590922509225092 0.21074412532637085 0.03584501845018454
140 0.5044778067885117 0.6868708487084871 0.195822454308094 0.11491512915129154
52 0.7627806788511748 0.19609594095940958 0.16784595300261088 0.11386715867158669
20 0.7916840731070496 0.37479704797047975 0.05035248041775449 0.06430996309963102
28 0.23964751958224542 0.17290774907749076 0.09511749347258487 0.05271586715867159
28 0.7534464751958224 0.1744870848708487 0.0969843342036553 0.047446494464944644
185 0.24151436031331594 0.11650184501845019 0.14733681462140993 0.0242509225092251
185 0.7637075718015666 0.11755719557195571 0.1473368146214098 0.02635424354243541
105 0.5026109660574413 0.12124723247232472 0.1846344647519583 0.11808118081180811
13 0.17903394255874672 0.4775867158671587 0.05967362924281983 0.03163099630996303
137 0.3739295039164491 0.6041180811808118 0.13614882506527415 0.08645018450184509
56 0.6713968668407311 0.132309963099631 0.07087467362924277 0.07695940959409595
142 0.5949216710182768 0.6410036900369003 0.05221932114882506 0.04217712177121778
161 0.09511749347258486 0.960988929889299 0.08206266318537858 0.06008856088560891
142 0.6210443864229765 0.6130774907749078 0.05595300261096608 0.03479704797047977
142 0.6480809399477807 0.6378450184501845 0.06527415143603141 0.04006642066420662
44 0.6168407310704961 0.9760147601476015 0.7049608355091384 0.03874538745387454