2 0.3125065274151436 0.8814612546125462 0.18766318537859009 0.14852398523985239
40 0.5001697127937337 0.8814612546125462 0.19092689295039164 0.14852398523985239
150 0.6899477806788512 0.8819188191881919 0.18929503916449086 0.14760147601476015
137 0.8746736292428199 0.8819188191881919 0.18276762402088773 0.14760147601476015
170 0.09464751958224543 0.9612546125461254 0.08485639686684072 0.05719557195571956
44 0.6168407310704961 0.976479704797048 0.7114882506527415 0.03966789667896679
144 0.2410313315926893 0.6130996309963099 0.14849869451697129 0.08487084870848709
144 0.7622454308093994 0.6112546125461255 0.1491514360313316 0.08597785977859779
140 0.505065274151436 0.6872693726937269 0.19092689295039164 0.11254612546125461
52 0.2327023498694517 0.1992619926199262 0.13838120104438642 0.09225092250922509
52 0.755065274151436 0.19972693726937268 0.14131853785900783 0.09132841328413284
185 0.23988250652741513 0.14428044280442803 0.1468668407310705 0.025092250922509225
185 0.7637075718015666 0.14391143911439114 0.1468668407310705 0.023985239852398525
27 0.21638381201044388 0.18874538745387454 0.1077023498694517 0.06088560885608856
27 0.7390731070496084 0.1881918819188192 0.1054177545691906 0.06420664206642067
105 0.5034334203655353 0.12177121771217712 0.19745430809399478 0.12361623616236163
146 0.239556135770235 0.6284132841328414 0.1475195822454308 0.022878228782287822
146 0.7617493472584856 0.6284132841328414 0.1475195822454308 0.021402214022140223
94 0.20169712793733682 0.6247232472324723 0.3563968668407311 0.17343173431734318
135 0.13577023498694518 0.6121771217712177 0.0835509138381201 0.05977859778597786
174 0.28133159268929503 0.6605166051660517 0.050913838120104436 0.03690036900369004
174 0.32506527415143605 0.6335793357933579 0.04699738903394256 0.04059040590405904
123 0.6586161879895561 0.26642066420664207 0.13446475195822455 0.1047970479704797
22 0.47323759791122716 0.1881918819188192 0.10052219321148825 0.07232472324723248
174 0.2519582245430809 0.5634686346863469 0.0391644908616188 0.01845018450184502
37 0.8289817232375979 0.46088560885608854 0.08877284595300261 0.07896678966789668