147 0.7891644908616188 0.503690036900369 0.07702349869451697 0.09667896678966789
44 0.6181462140992167 0.9767527675276753 0.706266318537859 0.04059040590405904
160 0.31201044386422977 0.8822878228782288 0.1906005221932115 0.14686346863468636
150 0.4993472584856397 0.8845018450184502 0.18407310704960836 0.14391143911439114
40 0.6873368146214099 0.8833948339483395 0.1866840731070496 0.14464944649446496
128 0.8740208877284595 0.8837638376383764 0.18929503916449086 0.14833948339483394
3 0.09530026109660575 0.9612546125461254 0.0835509138381201 0.05977859778597786
144 0.24151436031331594 0.6132841328413284 0.14882506527415143 0.08708487084870849
144 0.7617493472584856 0.6125461254612546 0.15013054830287206 0.08856088560885608
146 0.2402088772845953 0.6291512915129152 0.14882506527415143 0.024354243542435424
146 0.7610966057441253 0.6280442804428045 0.1514360313315927 0.023616236162361623
140 0.5058746736292428 0.6892988929889299 0.18929503916449086 0.11070110701107011
52 0.24086161879895562 0.20184501845018452 0.12924281984334204 0.08487084870848709
52 0.7637075718015666 0.2025830258302583 0.12532637075718014 0.08634686346863468
185 0.762402088772846 0.14797047970479704 0.1462140992167102 0.02730627306273063
185 0.24086161879895562 0.14760147601476015 0.1475195822454308 0.026568265682656828
105 0.4960835509138381 0.11992619926199262 0.1906005221932115 0.12472324723247233
5 0.30809399477806787 0.40307749077490773 0.13315926892950392 0.07109963099630995
97 0.7610966057441253 0.46014760147601474 0.09660574412532637 0.06420664206642067
137 0.206266318537859 0.2955719557195572 0.08093994778067885 0.1025830258302583
173 0.27610966057441255 0.33099630996309964 0.15535248041775457 0.09225092250922509
135 0.7238903394255874 0.5062730627306273 0.07180156657963446 0.06346863468634686
132 0.5248041775456919 0.2701107011070111 0.10443864229765012 0.06937269372693727
74 0.5215404699738904 0.5638376383763838 0.2780678851174935 0.12693726937269373