15 0.3133159268929504 0.8826568265682657 0.1906005221932115 0.14760147601476015
160 0.5 0.8826568265682657 0.18798955613577023 0.14612546125461254
128 0.6879895561357703 0.8833948339483395 0.19321148825065274 0.14612546125461254
2 0.8759791122715405 0.8833948339483395 0.18276762402088773 0.14612546125461254
140 0.5039164490861618 0.688929889298893 0.18798955613577023 0.1099630996309963
139 0.49869451697127937 0.7590405904059041 0.20887728459530025 0.033210332103321034
143 0.6755874673629243 0.6723247232472325 0.12663185378590078 0.07380073800738007
135 0.5835509138381201 0.6361623616236163 0.0783289817232376 0.06051660516605166
122 0.6044386422976501 0.5682656826568265 0.09921671018276762 0.07822878228782287
174 0.643603133159269 0.6273062730627307 0.04177545691906005 0.03837638376383764
95 0.7349869451697127 0.4487084870848708 0.057441253263707574 0.06789667896678966
95 0.7467362924281984 0.4907749077490775 0.06266318537859007 0.07084870848708487
95 0.7852480417754569 0.46309963099630996 0.05613577023498695 0.07011070110701106
44 0.6168407310704961 0.9756974169741697 0.7088772845953003 0.03995571955719548
25 0.856396866840731 0.11512915129151291 0.10704960835509138 0.08265682656826569
122 0.39556135770234985 0.3254612546125461 0.09660574412532637 0.07822878228782287
52 0.2402088772845953 0.1970479704797048 0.16971279373368145 0.11660516605166052
53 0.7578328981723238 0.2177121771217712 0.15274151436031333 0.06789667896678966
185 0.24086161879895562 0.12730627306273062 0.15013054830287206 0.02730627306273063
107 0.49673629242819844 0.030627306273062732 0.20757180156657964 0.03468634686346864
105 0.5006527415143603 0.11512915129151291 0.1866840731070496 0.13431734317343175
138 0.20430809399477806 0.5874538745387454 0.07702349869451697 0.02952029520295203
147 0.5241514360313316 0.6132841328413284 0.1031331592689295 0.047232472324723246
80 0.5718015665796344 0.17859778597785977 0.05221932114882506 0.05904059040590406
80 0.6174934725848564 0.1885608856088561 0.05483028720626632 0.055350553505535055
9 0.0933420365535248 0.9605166051660516 0.08224543080939947 0.061254612546125464
174 0.6142297650130548 0.6095940959409594 0.03263707571801567 0.03690036900369004
145 0.24086161879895562 0.6273062730627307 0.15535248041775457 0.07232472324723248
145 0.7604438642297651 0.6273062730627307 0.15535248041775457 0.07380073800738007
27 0.2154046997389034 0.18892988929889298 0.10966057441253264 0.06199261992619926