147 0.23009138381201044 0.12453874538745388 0.1077023498694517 0.08856088560885608
2 0.3125065274151436 0.8823837638376385 0.19419060052219322 0.14852398523985239
15 0.4993603133159269 0.8833062730627307 0.18929503916449086 0.1503690036900369
128 0.6878328981723237 0.8833062730627307 0.20071801566579633 0.14852398523985239
150 0.8763054830287206 0.8833062730627307 0.18929503916449086 0.1466789667896679
44 0.6201044386422977 0.9755571955719557 0.7114882506527415 0.043357933579335796
9 0.09301566579634465 0.9598745387453875 0.0881201044386423 0.05996309963099631
144 0.23744125326370757 0.6116236162361623 0.1452349869451697 0.09225092250922509
144 0.7677937336814621 0.6125461254612546 0.12891644908616187 0.08671586715867159
146 0.24070496083550913 0.6282287822878229 0.15176240208877284 0.023985239852398525
146 0.7620757180156658 0.6282287822878229 0.15339425587467362 0.027675276752767528
138 0.25539164490861616 0.4022140221402214 0.06690600522193212 0.03690036900369004
140 0.5058746736292428 0.6877343173431735 0.18929503916449086 0.11162361623616236
139 0.4985378590078329 0.7596900369003691 0.21050913838120106 0.03413284132841329
135 0.7416840731070496 0.41098154981549817 0.07669712793733681 0.0507380073800738
52 0.7620757180156658 0.19649446494464945 0.1762402088772846 0.11808118081180811
53 0.24151436031331594 0.21678966789667897 0.15013054830287206 0.07380073800738007
185 0.7628981723237598 0.11762361623616235 0.14849869451697129 0.026752767527675275
28 0.7637075718015666 0.17389667896678968 0.08485639686684072 0.0544280442804428
142 0.3304569190600522 0.11208856088560885 0.06364229765013055 0.0470479704797048
142 0.5124151436031331 0.18404428044280444 0.07506527415143603 0.0507380073800738
142 0.4634595300261096 0.1600590405904059 0.0587467362924282 0.043357933579335796
107 0.4993472584856397 0.02445018450184502 0.20887728459530025 0.03413284132841329
105 0.5001697127937337 0.12039114391143911 0.19092689295039164 0.11531365313653137
147 0.7245430809399478 0.5244428044280443 0.09464751958224543 0.07287822878228782
159 0.4781331592689295 0.281830258302583 0.31657963446475196 0.1411439114391144
100 0.3198563968668407 0.13700369003690036 0.10443864229765012 0.06918819188191883
10 0.27823759791122715 0.19326937269372693 0.07669712793733681 0.048892988929889296
17 0.41204960835509136 0.1637490774907749 0.07016971279373369 0.06365313653136531
136 0.3745169712793734 0.12638376383763839 0.07669712793733681 0.046125461254612546