52 0.24151436031331594 0.2014760147601476 0.1227154046997389 0.08560885608856089
52 0.7643603133159269 0.2014760147601476 0.12140992167101827 0.08560885608856089
185 0.239556135770235 0.14723247232472325 0.1475195822454308 0.025830258302583026
185 0.7630548302872062 0.14686346863468636 0.1475195822454308 0.025092250922509225
105 0.49673629242819844 0.12066420664206642 0.18407310704960836 0.12472324723247233
16 0.09464751958224543 0.9616236162361623 0.08224543080939947 0.057564575645756455
44 0.6168407310704961 0.9752767527675277 0.706266318537859 0.04059040590405904
2 0.31201044386422977 0.8819188191881919 0.1906005221932115 0.14612546125461254
128 0.4993472584856397 0.8833948339483395 0.18407310704960836 0.14907749077490776
160 0.6866840731070496 0.8830258302583026 0.18798955613577023 0.14686346863468636
40 0.8753263707571801 0.8822878228782288 0.18929503916449086 0.14833948339483394
144 0.239556135770235 0.6125461254612546 0.15274151436031333 0.08708487084870849
144 0.7630548302872062 0.6121771217712177 0.1475195822454308 0.08782287822878229
146 0.23890339425587467 0.6284132841328414 0.1514360313315927 0.024354243542435424
146 0.762402088772846 0.6284132841328414 0.14882506527415143 0.024354243542435424
140 0.5058746736292428 0.6881918819188192 0.1866840731070496 0.11291512915129151
158 0.2297650130548303 0.181549815498155 0.07049608355091384 0.045756457564575644
158 0.7526109660574413 0.18081180811808117 0.06919060052219321 0.042804428044280446
35 0.1671018276762402 0.3158671586715867 0.12010443864229765 0.07380073800738007
143 0.7238903394255874 0.42509225092250924 0.12402088772845953 0.08118081180811808
135 0.2212793733681462 0.3339483394833948 0.08224543080939947 0.06568265682656826
104 0.8400783289817232 0.22324723247232472 0.12924281984334204 0.07453874538745388
99 0.6742819843342036 0.20184501845018452 0.08746736292428199 0.06715867158671587
125 0.15339425587467362 0.2070110701107011 0.07963446475195822 0.05830258302583026
125 0.1906005221932115 0.14870848708487086 0.06005221932114883 0.045018450184501846
125 0.1762402088772846 0.18081180811808117 0.04960835509138381 0.045756457564575644
42 0.2891644908616188 0.3018450184501845 0.06919060052219321 0.047232472324723246
71 0.5711488250652742 0.2948339483394834 0.04308093994778068 0.05092250922509225