4 0.239556135770235 0.6022140221402214 0.32506527415143605 0.14907749077490776
44 0.6176631853785901 0.9760147601476015 0.7065926892950392 0.04059040590405904
8 0.3113577023498694 0.8822140221402215 0.1866840731070496 0.14819926199261987
51 0.5 0.8821476014760147 0.18798955613577023 0.14833948339483394
51 0.8746736292428199 0.8817785977859778 0.18798955613577023 0.14907749077490776
144 0.23890339425587467 0.6101918819188191 0.14882506527415143 0.08708487084870849
144 0.762402088772846 0.6109298892988929 0.1462140992167102 0.08560885608856089
146 0.23825065274151436 0.6242140221402214 0.1475195822454308 0.023616236162361623
105 0.5019582245430809 0.11918819188191881 0.15274151436031333 0.12029520295202951
52 0.23694516971279372 0.2011070110701107 0.11879895561357702 0.08634686346863468
52 0.7597911227154047 0.2011070110701107 0.1279373368146214 0.08634686346863468
185 0.7617493472584856 0.14686346863468636 0.1475195822454308 0.025092250922509225
170 0.09399477806788512 0.9618081180811808 0.08093994778067885 0.05830258302583026
158 0.7565274151436031 0.17712177121771217 0.07180156657963446 0.03985239852398524
146 0.7617493472584856 0.6250922509225092 0.1475195822454308 0.02214022140221402
185 0.239556135770235 0.14686346863468636 0.1475195822454308 0.025092250922509225
158 0.23172323759791122 0.17859778597785977 0.07180156657963446 0.041328413284132844
143 0.3185378590078329 0.3254612546125461 0.12010443864229765 0.08708487084870849
143 0.5221932114882507 0.2745387453874539 0.1174934725848564 0.11808118081180811
147 0.2304177545691906 0.24428044280442804 0.10835509138381201 0.08708487084870849
142 0.14360313315926893 0.2918819188191882 0.06005221932114883 0.04059040590405904
142 0.1814621409921671 0.26309963099630995 0.057441253263707574 0.03468634686346864
142 0.19255874673629242 0.2940959409594096 0.06657963446475196 0.037638376383763834
140 0.5 0.6856088560885609 0.14882506527415143 0.1047970479704797
138 0.24281984334203655 0.3501845018450184 0.06788511749347259 0.02730627306273063
108 0.466710182767624 0.3457564575645756 0.07702349869451697 0.07453874538745388
150 0.6879895561357703 0.8814095940959409 0.185378590078329 0.14833948339483394