180 0.4365274151436031 0.27398523985239853 0.057114882506527416 0.05904059040590406
180 0.6144516971279373 0.29628044280442806 0.06950391644908617 0.05749815498154979
180 0.6892558746736293 0.23092250922509222 0.057545691906005204 0.05569003690036903
180 0.2835248041775457 0.27536531365313655 0.057219321148825046 0.05532841328413286
180 0.6380548302872062 0.26614760147601474 0.05221932114882506 0.045202952029520294
180 0.29117493472584854 0.24082656826568266 0.04019582245430812 0.04295940959409597
96 0.7490208877284595 0.49031734317343173 0.07506527415143603 0.03966789667896679
101 0.25783289817232374 0.3892988929889299 0.06527415143603134 0.05719557195571956
144 0.2423368146214099 0.6102435424354243 0.14197127937336815 0.09686346863468635
144 0.7637075718015666 0.6107011070110702 0.1468668407310705 0.09778597785977859
52 0.23814621409921669 0.19603690036900367 0.17507832898172326 0.12084870848708487
52 0.7620757180156658 0.19695940959409594 0.17297650130548303 0.11715867158671586
105 0.5009791122715405 0.12039114391143911 0.195822454308094 0.12453874538745388
140 0.5042428198433421 0.690959409594096 0.19908616187989556 0.11992619926199262
39 0.723733681462141 0.31365313653136534 0.07343342036553525 0.055350553505535055
44 0.2986292428198433 0.966789667896679 0.06527415143603134 0.02952029520295203
170 0.09383812010443864 0.9589520295202952 0.07996083550913838 0.06365313653136531
8 0.31261096605744126 0.8821180811808118 0.19022193211488247 0.14535793357933582
2 0.4995822454308094 0.8821845018450184 0.1911618798955613 0.14338745387453872
15 0.6871279373368147 0.8829077490774907 0.19092689295039164 0.147468634686347
40 0.8752610966057441 0.8834391143911439 0.19232375979112262 0.14825830258302575
146 0.24070496083550913 0.6282287822878229 0.14849869451697129 0.025830258302583026
146 0.7620757180156658 0.6277712177121771 0.14360313315926893 0.024907749077490774
185 0.23744125326370757 0.12408118081180812 0.15176240208877284 0.026752767527675275
185 0.7604438642297651 0.12408118081180812 0.15013054830287206 0.02859778597785978
158 0.23390339425587467 0.1765092250922509 0.0674543080939948 0.04059040590405902
158 0.7560966057441253 0.17588929889298893 0.07614882506527405 0.03935793357933578