44 0.6257049608355092 0.975749077490775 0.703093994778068 0.04322509225092263
8 0.3133159268929504 0.8834981549815499 0.19395561357702346 0.14760147601476015
51 0.4970104438642297 0.8813948339483395 0.18836814621409917 0.14338745387453872
2 0.6863054830287206 0.8819188191881919 0.19022193211488256 0.14443542435424356
169 0.8737467362924282 0.8834981549815499 0.18836814621409917 0.14760147601476015
16 0.09325065274151437 0.9615202952029519 0.08578328981723235 0.05904059040590406
140 0.5044778067885117 0.6879261992619926 0.195822454308094 0.11281180811808111
139 0.49981723237597914 0.7606715867158672 0.20514360313315924 0.030575645756457527
143 0.6601958224543081 0.6309963099630996 0.12682767624020885 0.08539483394833951
142 0.34501305483028716 0.6078007380073801 0.05967362924281985 0.04322509225092246
0 0.2433681462140992 0.5218819188191882 0.054086161879895574 0.04849446494464947
0 0.26389033942558743 0.543490774907749 0.05035248041775456 0.05587453874538748
0 0.30678851174934724 0.5556162361623617 0.04661879895561355 0.05271586715867163
0 0.29467362924281987 0.5160738007380073 0.04475195822454312 0.049549815498155056
188 0.7236161879895561 0.495520295202952 0.07087467362924277 0.06747601476014765
188 0.7469190600522193 0.46599999999999997 0.06527415143603134 0.05692988929889306
127 0.7581070496083552 0.3347380073800738 0.06527415143603134 0.05166051660516605
127 0.7916840731070496 0.3442287822878229 0.06527415143603134 0.04954981549815497
127 0.8112663185378589 0.32946863468634685 0.05221932114882506 0.05377121771217713
52 0.23964751958224542 0.19609594095940958 0.16971279373368145 0.1201918819188192
52 0.7599738903394255 0.19820664206642066 0.17344647519582232 0.11808118081180811
185 0.7618407310704961 0.12335055350553505 0.15105744125326376 0.02952029520295203
185 0.24151436031331594 0.12440590405904059 0.15105744125326367 0.02740959409594095
31 0.2387206266318538 0.09699630996309963 0.1529242819843342 0.02740959409594095
31 0.7627806788511748 0.0954169741697417 0.14920365535248037 0.02424354243542436
105 0.5026109660574413 0.11861992619926198 0.1846344647519583 0.12546125461254612
145 0.24151436031331594 0.6257343173431734 0.1585248041775457 0.07485608856088566
145 0.7609138381201045 0.6241549815498155 0.14920365535248037 0.06958671586715864
40 0.39443864229765013 0.8987896678966789 0.16971279373368145 0.11491512915129154
30 0.24430809399477804 0.17026568265682657 0.06340731070496082 0.05377121771217711
30 0.7627806788511748 0.17026568265682657 0.06714099216710191 0.05377121771217711