16 0.094177545691906 0.9615202952029519 0.0801958224543081 0.05904059040590406
44 0.615443864229765 0.9768044280442804 0.7049608355091384 0.041114391143911466
40 0.3114490861618799 0.8819188191881919 0.19395561357702354 0.14654612546125473
2 0.49981723237597914 0.8834981549815499 0.18650130548302873 0.14549077490774898
160 0.6872454308093994 0.8819188191881919 0.1846344647519583 0.14654612546125473
150 0.8746736292428199 0.8819188191881919 0.18650130548302887 0.14865682656826557
140 0.5072715404699739 0.6889815498154982 0.18650130548302873 0.10859040590405912
144 0.24058746736292427 0.6125461254612546 0.14546997389033944 0.08645018450184509
144 0.7637075718015666 0.6130701107011071 0.13986945169712806 0.08539483394833951
146 0.23953002610966057 0.6283616236162362 0.15083550913838123 0.023195571955719606
146 0.7645300261096606 0.6277712177121771 0.14197127937336815 0.023062730627306273
137 0.25118798955613575 0.32419926199261995 0.08509138381201045 0.10174169741697418
143 0.7652349869451697 0.34264944649446494 0.12146214099216705 0.09383025830258301
166 0.20048302872062662 0.35997785977859775 0.07506527415143603 0.08684870848708492
166 0.2956005221932115 0.3141180811808118 0.06201044386422976 0.06997785977859775
166 0.30073107049608355 0.34383763837638376 0.06574412532637078 0.08144649446494462
166 0.7180156657963447 0.2965239852398524 0.096514360313316 0.08408118081180808
166 0.7895822454308095 0.29777859778597787 0.08438642297650144 0.08631734317343176
52 0.24151436031331594 0.20018450184501846 0.1272845953002611 0.08856088560885608
52 0.7637075718015666 0.19972693726937268 0.12402088772845953 0.09132841328413284
52 0.23988250652741513 0.14391143911439114 0.14360313315926893 0.025830258302583026
52 0.7628981723237598 0.1434538745387454 0.1452349869451697 0.024907749077490774
121 0.30481723237597913 0.21467896678966789 0.10980417754569193 0.082760147601476
158 0.23009138381201044 0.17574169741697418 0.07180156657963446 0.03782287822878229
158 0.7539164490861618 0.1752767527675277 0.07180156657963446 0.03874538745387454
135 0.5930678851174935 0.576169741697417 0.0783289817232376 0.045335793357933626
131 0.6173107049608355 0.2588339483394834 0.0783289817232376 0.06430996309963098
147 0.32263707571801564 0.6104354243542436 0.08206266318537861 0.06326199261992622
142 0.6415535248041776 0.5919852398523985 0.0634073107049609 0.04744649446494462
142 0.6685900783289817 0.6014760147601476 0.0391644908616188 0.041114391143911466
142 0.6881723237597911 0.6141254612546125 0.05221932114882506 0.04744649446494462
105 0.5026109660574413 0.11966051660516604 0.192088772845953 0.12335055350553505