44 0.6168407310704961 0.9763837638376384 0.706266318537859 0.041328413284132844
3 0.09530026109660575 0.9616236162361623 0.08093994778067885 0.057564575645756455
15 0.31266318537859006 0.8819188191881919 0.18929503916449086 0.14760147601476015
150 0.5 0.8830258302583026 0.18798955613577023 0.14833948339483394
169 0.6873368146214099 0.8837638376383764 0.1866840731070496 0.14981549815498155
40 0.8753263707571801 0.8819188191881919 0.18929503916449086 0.14907749077490776
140 0.5058746736292428 0.688929889298893 0.1866840731070496 0.11143911439114391
144 0.2402088772845953 0.6118081180811809 0.14882506527415143 0.08708487084870849
144 0.7630548302872062 0.6125461254612546 0.15013054830287206 0.08856088560885608
146 0.239556135770235 0.6287822878228783 0.1475195822454308 0.025092250922509225
146 0.7610966057441253 0.6284132841328414 0.14882506527415143 0.024354243542435424
52 0.239556135770235 0.2022140221402214 0.12402088772845953 0.08708487084870849
52 0.7630548302872062 0.2022140221402214 0.12663185378590078 0.08708487084870849
158 0.23302872062663185 0.18081180811808117 0.07180156657963446 0.04428044280442804
158 0.7539164490861618 0.18081180811808117 0.07180156657963446 0.045756457564575644
105 0.4980417754569191 0.11992619926199262 0.1866840731070496 0.12619926199261994
46 0.7225848563968669 0.31881918819188193 0.15274151436031333 0.08265682656826569
134 0.26174934725848564 0.385239852398524 0.0587467362924282 0.06789667896678966
112 0.7898172323759791 0.36199261992619924 0.0731070496083551 0.061254612546125464
72 0.2891644908616188 0.2767527675276753 0.11879895561357702 0.06937269372693727
47 0.720626631853786 0.26420664206642064 0.14882506527415143 0.07970479704797048
113 0.7996083550913838 0.303690036900369 0.0639686684073107 0.05239852398523985
185 0.23890339425587467 0.14797047970479704 0.14882506527415143 0.02730627306273063
185 0.7617493472584856 0.14797047970479704 0.15013054830287206 0.02730627306273063