142 0.7814490861618799 0.3384354243542435 0.06340731070496075 0.05061254612546128
55 0.7590469973890339 0.40643542435424357 0.10442558746736294 0.06009594095940964
55 0.7292036553524804 0.379549815498155 0.08578328981723242 0.04006642066420662
150 0.3114490861618799 0.8819188191881919 0.19022193211488256 0.14654612546125473
51 0.49887728459530023 0.8840295202952029 0.18090078328981715 0.14654612546125473
2 0.6881723237597911 0.8824428044280443 0.19022193211488256 0.14760147601476015
160 0.8737467362924282 0.8829741697416975 0.18836814621409917 0.15076752767527674
16 0.094177545691906 0.9620442804428044 0.0801958224543081 0.057985239852398646
44 0.6182375979112271 0.9762804428044279 0.7068276762402088 0.04216974169741688
140 0.5054046997389033 0.6874022140221402 0.19022193211488256 0.11808118081180811
145 0.2377806788511749 0.6230922509225092 0.15105744125326367 0.07169741697416981
145 0.7627806788511748 0.6220369003690037 0.14920365535248037 0.07169003690036908
52 0.24151436031331594 0.2024280442804428 0.12868146214099216 0.08856088560885608
52 0.7646344647519583 0.20084132841328411 0.12309399477806784 0.08961623616236165
185 0.23964751958224542 0.14180811808118082 0.14733681462140993 0.02635424354243541
185 0.7646344647519583 0.14233210332103322 0.1454699738903395 0.02530627306273064
30 0.23964751958224542 0.17396309963099632 0.06900783289817235 0.04428044280442806
30 0.7627676240208877 0.17343173431734318 0.07087467362924277 0.043225092250922525
105 0.5035509138381201 0.1201918819188192 0.1715665796344647 0.1307380073800738
31 0.2387206266318538 0.11650184501845019 0.14920365535248045 0.02635424354243541
31 0.7646344647519583 0.11491512915129153 0.14173629242819835 0.02530627306273064
67 0.2816057441253264 0.478649446494465 0.08578328981723235 0.07800738007380077
142 0.7609007832898173 0.36319557195571955 0.06339425587467355 0.03690036900369004
139 0.49981723237597914 0.7596236162361624 0.20514360313315924 0.030575645756457527
103 0.47464751958224544 0.25197785977859777 0.12122715404699741 0.12440590405904063
55 0.7096214099216711 0.34317343173431736 0.07646214099216701 0.05588191881918821
55 0.7758224543080939 0.37480442804428044 0.07459530026109673 0.045335793357933585
147 0.17996083550913838 0.6341623616236162 0.10257180156657962 0.05798523985239848
91 0.28067885117493474 0.5925166051660516 0.09510443864229769 0.10965313653136526
135 0.2154046997389034 0.5830258302583026 0.05035248041775456 0.04639114391143904