121 0.2731201044386423 0.40814760147601475 0.1433681462140992 0.0838154981549815
9 0.094177545691906 0.9615202952029519 0.0801958224543081 0.05904059040590406
44 0.615443864229765 0.9768044280442804 0.7049608355091384 0.041114391143911466
51 0.3114490861618799 0.8819188191881919 0.19395561357702354 0.14654612546125473
2 0.49981723237597914 0.8834981549815499 0.18650130548302873 0.14549077490774898
160 0.6872454308093994 0.8819188191881919 0.1846344647519583 0.14654612546125473
15 0.8746736292428199 0.8819188191881919 0.18650130548302887 0.14865682656826557
140 0.5072715404699739 0.6889815498154982 0.18650130548302873 0.10859040590405912
144 0.24058746736292427 0.6125461254612546 0.14546997389033944 0.08645018450184509
144 0.7637075718015666 0.6130701107011071 0.13986945169712806 0.08539483394833951
146 0.23953002610966057 0.6283616236162362 0.15083550913838123 0.023195571955719606
146 0.7645300261096606 0.6277712177121771 0.14197127937336815 0.023062730627306273
166 0.20513054830287206 0.41058302583025835 0.07693211488250654 0.10582287822878232
143 0.482088772845953 0.5796014760147602 0.1431331592689295 0.06405166051660514
52 0.24151436031331594 0.20018450184501846 0.1272845953002611 0.08856088560885608
52 0.7637075718015666 0.19972693726937268 0.12402088772845953 0.09132841328413284
52 0.23988250652741513 0.14391143911439114 0.14360313315926893 0.025830258302583026
52 0.7628981723237598 0.1434538745387454 0.1452349869451697 0.024907749077490774
158 0.23009138381201044 0.17574169741697418 0.07180156657963446 0.03782287822878229
158 0.7539164490861618 0.1752767527675277 0.07180156657963446 0.03874538745387454
131 0.7030809399477806 0.3848191881918819 0.08206266318537854 0.05060516605166047
142 0.7021671018276763 0.41854612546125464 0.06154046997389047 0.03796309963099635
142 0.7515926892950392 0.4232915129151291 0.06340731070496075 0.0390036900369003
142 0.7926109660574412 0.42856088560885613 0.07087467362924277 0.039011070110701034
149 0.5986553524804178 0.24406642066420664 0.10443864229765012 0.07695940959409592
105 0.5026109660574413 0.11966051660516604 0.192088772845953 0.12335055350553505
166 0.7979634464751958 0.37579335793357926 0.07879895561357689 0.08209594095940956