52 0.7647911227154047 0.19864944649446495 0.16753263707571792 0.1168487084870849
52 0.23390339425587467 0.20049446494464945 0.15447780678851172 0.11070110701107011
180 0.74411227154047 0.4059040590405904 0.06092689295039174 0.05903321033210333
144 0.23607049608355093 0.6143911439114391 0.15447780678851172 0.0873284132841328
144 0.7647911227154047 0.6100885608856088 0.14578328981723246 0.08856088560885608
140 0.5069582245430809 0.6900369003690037 0.19147519582245426 0.11070110701107011
105 0.4982637075718016 0.12177121771217712 0.17842036553524798 0.13529889298892991
8 0.30879895561357695 0.881040590405904 0.195509138381201 0.14197785977859786
2 0.49950391644908615 0.8820073800738006 0.19084856396866848 0.14496678966789656
15 0.6847650130548303 0.8837638376383764 0.19022193211488256 0.14636900369003686
40 0.8754569190600523 0.8825313653136531 0.19177545691906017 0.14391143911439114
170 0.09464751958224543 0.959409594095941 0.08050913838120105 0.06396309963099636
44 0.29699738903394257 0.9643321033210333 0.06309399477806786 0.03197785977859773
185 0.24070496083550913 0.12177121771217712 0.1463185378590078 0.02952029520295203
185 0.7626240208877284 0.12484870848708486 0.15013054830287206 0.02828782287822877
146 0.2393342036553525 0.6285387453874538 0.14360313315926893 0.02214022140221402
146 0.76588772845953 0.6291512915129152 0.14360313315926893 0.020907749077490722
174 0.8453002610966057 0.21894464944649447 0.04133159268929515 0.03444280442804425
180 0.25238903394255874 0.45080442804428045 0.05656657963446473 0.057808118081180755
180 0.25781984334203656 0.4175867158671587 0.05875979112271539 0.043047970479704746
180 0.6755874673629243 0.18081918819188192 0.0500391644908616 0.04428044280442804
96 0.7724151436031331 0.45757195571955717 0.05656657963446466 0.03690036900369004
71 0.19908616187989556 0.33210332103321033 0.04569190600522193 0.054118081180811836
80 0.8007049608355091 0.3253431734317343 0.05221932114882506 0.04551291512915126
80 0.7767624020887729 0.2988929889298893 0.05221932114882506 0.03690036900369004
39 0.18929503916449086 0.24046494464944648 0.0783289817232376 0.050428044280442834
180 0.6810313315926892 0.15560147601476015 0.04352480417754566 0.033210332103321034
80 0.8017885117493472 0.279210332103321 0.05439947780678861 0.03444280442804425
80 0.7996083550913838 0.25523247232472324 0.05439947780678861 0.03566789667896682
101 0.8692297650130549 0.19495940959409594 0.05439947780678861 0.055350553505535055
96 0.1468668407310705 0.11192619926199261 0.0587467362924282 0.02952029520295203
158 0.23607049608355093 0.17896678966789667 0.0674543080939948 0.04059040590405904
158 0.7560966057441253 0.17588929889298893 0.06745430809399487 0.0418228782287823