3 0.09325065274151437 0.9620516605166051 0.0783289817232376 0.06221402214022154
169 0.3133159268929504 0.8814022140221401 0.19022193211488256 0.14760147601476015
15 0.49981723237597914 0.8829815498154981 0.19022193211488256 0.15076752767527674
40 0.6872454308093994 0.8814022140221401 0.1846344647519583 0.14549077490774898
150 0.8728067885117494 0.8814022140221401 0.19022193211488256 0.14549077490774898
44 0.6173107049608355 0.9747084870848709 0.7049608355091384 0.03690036900369004
140 0.5063446475195823 0.6905756457564576 0.18090078328981715 0.1117564575645757
144 0.24058746736292427 0.6146642066420664 0.14920365535248045 0.08434686346863465
144 0.7627806788511748 0.6141328413284133 0.14920365535248037 0.08539483394833951
146 0.24058746736292427 0.6278450184501845 0.14920365535248045 0.02635424354243545
146 0.7618407310704961 0.6288929889298893 0.15105744125326376 0.024250922509225017
27 0.21819843342036552 0.19030258302583028 0.10443864229765012 0.06220664206642066
27 0.7394647519582245 0.18977121771217711 0.11003916449086157 0.06325461254612547
52 0.24244125326370758 0.19557195571955718 0.16784595300261096 0.11491512915129154
52 0.7637075718015666 0.19609594095940958 0.16971279373368145 0.11386715867158669
185 0.24151436031331594 0.12598523985239854 0.14733681462140993 0.02635424354243541
185 0.7627806788511748 0.12598523985239854 0.1454699738903395 0.02635424354243541
105 0.5026109660574413 0.11913653136531366 0.1846344647519583 0.12440590405904059
143 0.7693211488250652 0.2941549815498155 0.12496083550913842 0.07802214022140223
142 0.21821148825065276 0.3015276752767528 0.06340731070496082 0.04428044280442804
142 0.16131853785900782 0.3015276752767528 0.06527415143603134 0.03795571955719553
135 0.8000783289817233 0.2503985239852399 0.07459530026109673 0.04533579335793354
81 0.3487467362924282 0.2482878228782288 0.13054830287206268 0.06642066420664207
174 0.2769451697127937 0.36162361623616235 0.04663185378590082 0.04006642066420662
174 0.2900130548302872 0.3183985239852399 0.04288511749347262 0.03585239852398527
174 0.27135770234986945 0.3352619926199262 0.057806788511749314 0.03163099630996311
174 0.18742819843342035 0.2704280442804428 0.0391644908616188 0.02846494464944653
174 0.2377806788511749 0.2767527675276753 0.031697127937336776 0.030575645756457527
174 0.286266318537859 0.29572693726937266 0.05035248041775456 0.030575645756457527
174 0.28533942558746733 0.2741180811808118 0.048485639686684054 0.02740959409594095