144 0.23964751958224542 0.6125461254612546 0.15105744125326367 0.08856088560885608
144 0.7637075718015666 0.6125461254612546 0.15105744125326376 0.09067158671586709
146 0.2387206266318538 0.6278302583025831 0.14920365535248045 0.028464944649446447
146 0.7618407310704961 0.6283616236162362 0.15479112271540463 0.02952029520295203
140 0.5054046997389033 0.6868708487084871 0.19022193211488256 0.10859040590405894
40 0.31424281984334207 0.8829741697416975 0.18090078328981724 0.14443542435424356
2 0.49981723237597914 0.8824501845018451 0.18650130548302873 0.14338745387453872
160 0.6881723237597911 0.8824501845018451 0.19022193211488256 0.14338745387453872
169 0.8746736292428199 0.8819261992619926 0.18276762402088773 0.14443542435424356
16 0.094177545691906 0.9604649446494465 0.0801958224543081 0.056929889298892894
44 0.6182375979112271 0.9752250922509226 0.7105613577023498 0.04006642066420662
27 0.21633159268929505 0.18766789667896677 0.10817232375979115 0.06325461254612545
27 0.7403916449086162 0.18713653136531364 0.11189295039164496 0.06220664206642066
52 0.2387206266318538 0.19557195571955718 0.17157963446475197 0.11491512915129154
185 0.2377806788511749 0.12493726937269373 0.15105744125326367 0.02635424354243541
185 0.7618407310704961 0.12598523985239854 0.15105744125326376 0.02846494464944649
52 0.7618407310704961 0.19504797047970482 0.17344647519582232 0.11808118081180811
105 0.5016840731070497 0.11913653136531366 0.19022193211488256 0.12440590405904059
174 0.7449738903394255 0.5480369003690038 0.05073107049608342 0.035121771217712115
174 0.7062793733681462 0.5871365313653137 0.04090078328981714 0.03362361623616232
174 0.8142036553524804 0.5675867158671587 0.049843342036553606 0.03650922509225094
174 0.7251044386422976 0.5600885608856089 0.035313315926892894 0.023940959409594138
183 0.85322454308094 0.11650184501845019 0.10257180156657955 0.08329151291512916
174 0.7786161879895561 0.4043247232472325 0.04663185378590082 0.030583025830258345
25 0.5240600522193212 0.2667380073800738 0.10817232375979115 0.08645018450184501
174 0.7814229765013055 0.4333210332103321 0.05221932114882506 0.037948339483394884
174 0.8038120104438643 0.27886346863468636 0.04476501305483024 0.03690036900369004
175 0.1529373368146214 0.20664944649446493 0.1081592689295039 0.11175645756457567
80 0.3151958224543081 0.17764575645756459 0.048485639686684054 0.041114391143911425
80 0.6657963446475196 0.1971512915129151 0.04101827676240211 0.0421771217712177
180 0.6797780678851175 0.14707749077490775 0.054086161879895574 0.04954981549815497
174 0.8112663185378589 0.2525018450184502 0.0484986945169714 0.03479704797047969
80 0.685378590078329 0.16552767527675277 0.05035248041775456 0.02530627306273064
180 0.36460835509138384 0.13073062730627305 0.06900783289817235 0.05482656826568267
180 0.6387597911227154 0.13600738007380073 0.0540861618798955 0.05692988929889298