44 0.6176631853785901 0.9760147601476015 0.7065926892950392 0.04059040590405904
8 0.3113577023498694 0.8822140221402215 0.1866840731070496 0.14819926199261987
15 0.5 0.8821476014760147 0.18798955613577023 0.14833948339483394
150 0.6879895561357703 0.8814095940959409 0.185378590078329 0.14833948339483394
160 0.8766318537859008 0.8817785977859778 0.18929503916449086 0.14907749077490776
144 0.23694516971279372 0.6109298892988929 0.1475195822454308 0.08708487084870849
145 0.7591383812010444 0.6194169741697416 0.15013054830287206 0.07896678966789668
146 0.23694516971279372 0.6286420664206641 0.1475195822454308 0.023616236162361623
105 0.49869451697127937 0.12177121771217712 0.19321148825065274 0.12250922509225093
52 0.2362924281984334 0.2011070110701107 0.12532637075718014 0.09225092250922509
52 0.7597911227154047 0.1988929889298893 0.1279373368146214 0.0907749077490775
158 0.2297650130548303 0.17638376383763837 0.0731070496083551 0.03690036900369004
185 0.23825065274151436 0.14428044280442803 0.1475195822454308 0.025830258302583026
185 0.7604438642297651 0.14391143911439114 0.1475195822454308 0.025092250922509225
140 0.5071801566579635 0.6881918819188192 0.1814621409921671 0.11291512915129151
170 0.09399477806788512 0.9618081180811808 0.08093994778067885 0.05830258302583026
93 0.6533942558746736 0.5804428044280443 0.09530026109660575 0.05092250922509225
158 0.7617493472584856 0.17601476014760148 0.07441253263707572 0.037638376383763834
192 0.283289817232376 0.23763837638376384 0.10704960835509138 0.07232472324723248
143 0.28655352480417756 0.39114391143911437 0.1422976501305483 0.07527675276752767
147 0.6449086161879896 0.6118081180811809 0.08616187989556136 0.08118081180811808
174 0.7180156657963447 0.33690036900369 0.05221932114882506 0.03911439114391144
93 0.7852480417754569 0.5785977859778598 0.09007832898172324 0.04870848708487085
135 0.7193211488250653 0.4959409594095941 0.06788511749347259 0.06346863468634686
186 0.5868146214099217 0.24132841328413285 0.07441253263707572 0.053136531365313655
174 0.2669712793733681 0.34944649446494463 0.050913838120104436 0.033210332103321034
174 0.2774151436031332 0.281549815498155 0.05613577023498695 0.04059040590405904
38 0.7447780678851175 0.45202952029520294 0.16318537859007834 0.0981549815498155
138 0.28133159268929503 0.44354243542435423 0.050913838120104436 0.03837638376383764
142 0.7043080939947781 0.6099630996309963 0.06135770234986945 0.037638376383763834
142 0.7885117493472585 0.6317343173431734 0.06266318537859007 0.042804428044280446
142 0.8035248041775457 0.6025830258302584 0.06135770234986945 0.037638376383763834
139 0.4993472584856397 0.7590405904059041 0.20496083550913838 0.03025830258302583