2 0.3125065274151436 0.8814612546125462 0.18766318537859009 0.14852398523985239
128 0.5001697127937337 0.8814612546125462 0.19092689295039164 0.14852398523985239
169 0.6899477806788512 0.8819188191881919 0.18929503916449086 0.14760147601476015
137 0.8746736292428199 0.8819188191881919 0.18276762402088773 0.14760147601476015
9 0.09464751958224543 0.9612546125461254 0.08485639686684072 0.05719557195571956
44 0.6168407310704961 0.976479704797048 0.7114882506527415 0.03966789667896679
144 0.2410313315926893 0.6130996309963099 0.14849869451697129 0.08487084870848709
144 0.7622454308093994 0.6112546125461255 0.1491514360313316 0.08597785977859779
140 0.505065274151436 0.6872693726937269 0.19092689295039164 0.11254612546125461
52 0.2327023498694517 0.1992619926199262 0.13838120104438642 0.09225092250922509
52 0.755065274151436 0.19972693726937268 0.14131853785900783 0.09132841328413284
185 0.23988250652741513 0.14428044280442803 0.1468668407310705 0.025092250922509225
185 0.7637075718015666 0.14391143911439114 0.1468668407310705 0.023985239852398525
27 0.21638381201044388 0.18874538745387454 0.1077023498694517 0.06088560885608856
27 0.7390731070496084 0.1881918819188192 0.1054177545691906 0.06420664206642067
105 0.5034334203655353 0.12177121771217712 0.19745430809399478 0.12361623616236163
146 0.239556135770235 0.6284132841328414 0.1475195822454308 0.022878228782287822
146 0.7617493472584856 0.6284132841328414 0.1475195822454308 0.021402214022140223
22 0.20757180156657964 0.34428044280442804 0.1122715404699739 0.07896678966789668
143 0.7245430809399478 0.43247232472324726 0.1409921671018277 0.07380073800738007
147 0.35704960835509136 0.4579335793357934 0.10835509138381201 0.07896678966789668
142 0.24869451697127937 0.396309963099631 0.0587467362924282 0.047232472324723246
142 0.20234986945169714 0.4007380073800738 0.06527415143603134 0.03837638376383764
163 0.716710182767624 0.34059040590405903 0.12532637075718014 0.08044280442804429
164 0.7284595300261096 0.2874538745387454 0.06266318537859007 0.05830258302583026
164 0.6847258485639687 0.26789667896678965 0.06919060052219321 0.05608856088560885
143 0.3537859007832898 0.559040590405904 0.13315926892950392 0.07158671586715867
26 0.47389033942558745 0.23579335793357933 0.0731070496083551 0.07896678966789668