150 0.3114490861618799 0.8819188191881919 0.19022193211488256 0.14654612546125473
15 0.49887728459530023 0.8840295202952029 0.18090078328981715 0.14654612546125473
128 0.6881723237597911 0.8824428044280443 0.19022193211488256 0.14760147601476015
169 0.8737467362924282 0.8829741697416975 0.18836814621409917 0.15076752767527674
9 0.094177545691906 0.9620442804428044 0.0801958224543081 0.057985239852398646
44 0.6182375979112271 0.9762804428044279 0.7068276762402088 0.04216974169741688
140 0.5054046997389033 0.6900369003690037 0.19022193211488256 0.11281180811808128
144 0.2377806788511749 0.6136014760147601 0.15105744125326367 0.09067158671586709
144 0.7627806788511748 0.6125461254612546 0.14920365535248037 0.08645018450184509
52 0.24151436031331594 0.2024280442804428 0.12868146214099216 0.08856088560885608
52 0.7646344647519583 0.20084132841328411 0.12309399477806784 0.08961623616236165
185 0.23964751958224542 0.14180811808118082 0.14733681462140993 0.02635424354243541
185 0.7646344647519583 0.14233210332103322 0.1454699738903395 0.02530627306273064
30 0.23964751958224542 0.17396309963099632 0.06900783289817235 0.04428044280442806
30 0.7627676240208877 0.17343173431734318 0.07087467362924277 0.043225092250922525
105 0.5035509138381201 0.1201918819188192 0.1715665796344647 0.1307380073800738
31 0.2387206266318538 0.11650184501845019 0.14920365535248045 0.02635424354243541
31 0.7646344647519583 0.11491512915129153 0.14173629242819835 0.02530627306273064
146 0.2387206266318538 0.6283616236162362 0.14920365535248045 0.02108487084870844
146 0.7609138381201045 0.6283616236162362 0.14920365535248037 0.02108487084870844
103 0.5231201044386423 0.2525018450184502 0.12494778067885122 0.12335055350553505
10 0.254556135770235 0.445439114391144 0.08392950391644911 0.03478228782287831
10 0.7506527415143603 0.43489298892988926 0.07646214099216701 0.045328413284132896
10 0.7702219321148825 0.47232472324723246 0.0783289817232376 0.04848708487084874
10 0.25549608355091386 0.47969741697416973 0.08578328981723235 0.04849446494464947
127 0.13053524804177544 0.5582583025830259 0.08951697127937334 0.049549815498155056
127 0.19861618798955613 0.5345313653136531 0.05781984334203658 0.05271586715867163
127 0.1622584856396867 0.5403321033210332 0.05221932114882508 0.04954243542435416
127 0.24990861618798957 0.5282066420664207 0.05221932114882506 0.05060516605166047
172 0.7954177545691905 0.5340073800738008 0.05035248041775449 0.06220664206642064
172 0.7721018276762401 0.5513948339483394 0.0783289817232376 0.05060516605166047
172 0.8308485639686684 0.5598376383763838 0.04663185378590082 0.07169003690036908
172 0.7133420365535248 0.5561476014760148 0.05035248041775449 0.06642066420664207
67 0.09883812010443864 0.08487084870848709 0.11189295039164492 0.07274538745387453