100 0.753603133159269 0.460730627306273 0.11593994778067877 0.06466420664206635
100 0.25469973890339426 0.2998671586715867 0.11904699738903395 0.07116605166051657
17 0.2272193211488251 0.5476236162361623 0.07584856396866843 0.05464944649446491
52 0.23964751958224542 0.19662730627306274 0.16971279373368145 0.11491512915129154
13 0.2637467362924282 0.5247011070110701 0.040718015665796345 0.028457564575645716
13 0.21198433420365534 0.502819188191882 0.0391644908616188 0.02828782287822873
13 0.17142297650130547 0.5475276752767527 0.03886422976501305 0.028464944649446447
13 0.2154177545691906 0.5506051660516605 0.04661879895561355 0.036022140221402175
2 0.3133159268929504 0.8808634686346863 0.19022193211488256 0.1423321033210333
169 0.49981723237597914 0.8840295202952029 0.19022193211488256 0.14443542435424356
160 0.6863054830287206 0.8856088560885609 0.19022193211488256 0.14760147601476015
51 0.8765404699738902 0.8845535055350553 0.19022193211488256 0.14549077490774898
144 0.23964751958224542 0.6136014760147601 0.14733681462140993 0.08434686346863465
144 0.7637075718015666 0.6141254612546125 0.1473368146214098 0.08539483394833951
146 0.23964751958224542 0.6278302583025831 0.15105744125326367 0.02635424354243545
146 0.7637075718015666 0.6273062730627307 0.1473368146214098 0.0253062730627306
139 0.49887728459530023 0.7590922509225092 0.21074412532637085 0.03584501845018454
140 0.5044778067885117 0.6868708487084871 0.195822454308094 0.11491512915129154
52 0.7627806788511748 0.19609594095940958 0.16784595300261088 0.11386715867158669
20 0.7804960835509138 0.40115129151291506 0.05035248041775449 0.06430996309963102
28 0.23964751958224542 0.17290774907749076 0.09511749347258487 0.05271586715867159
28 0.7534464751958224 0.1744870848708487 0.0969843342036553 0.047446494464944644
185 0.24151436031331594 0.11650184501845019 0.14733681462140993 0.0242509225092251
185 0.7637075718015666 0.11755719557195571 0.1473368146214098 0.02635424354243541
105 0.5026109660574413 0.12124723247232472 0.1846344647519583 0.11808118081180811
13 0.16597911227154047 0.5255571955719557 0.05967362924281985 0.02636162361623618
137 0.32823759791122714 0.5872472324723248 0.12309399477806787 0.08645018450184509
56 0.6863185378590079 0.1565608856088561 0.04849869451697132 0.07695940959409592
142 0.604242819843342 0.6062140221402214 0.05221932114882506 0.04217712177121778
151 0.09511749347258486 0.960988929889299 0.08206266318537858 0.06008856088560891
142 0.6303655352480418 0.5740664206642067 0.05595300261096608 0.03479704797047977
142 0.6536814621409922 0.5998892988929889 0.06527415143603134 0.04006642066420662
135 0.4755744125326371 0.7358966789667898 0.05967362924281989 0.0400664206642067
44 0.6168407310704961 0.9760147601476015 0.7049608355091384 0.03874538745387454