8 0.3116840731070496 0.8819188191881919 0.19255874673629242 0.14575645756457564
160 0.5001697127937337 0.8828413284132841 0.19092689295039164 0.14760147601476015
2 0.6878328981723237 0.8828413284132841 0.18766318537859009 0.14760147601476015
169 0.8754960835509138 0.8823837638376385 0.19419060052219322 0.1466789667896679
41 0.09383812010443864 0.9607970479704798 0.07996083550913838 0.061808118081180814
44 0.6192950391644908 0.9760147601476015 0.7065926892950392 0.04059040590405904
145 0.23989556135770235 0.6250036900369004 0.15992167101827676 0.07472324723247233
145 0.7588250652741514 0.6250036900369004 0.1566579634464752 0.07472324723247233
140 0.49364229765013057 0.689579335793358 0.1746083550913838 0.10977859778597786
139 0.4985378590078329 0.7587675276752769 0.21050913838120106 0.03413284132841329
52 0.23825065274151436 0.19649446494464945 0.16971279373368145 0.11808118081180811
52 0.761266318537859 0.19603690036900367 0.1746083550913838 0.11715867158671586
185 0.23825065274151436 0.12361623616236163 0.15339425587467362 0.027675276752767528
185 0.7604438642297651 0.12315867158671587 0.15013054830287206 0.026752767527675275
31 0.23825065274151436 0.09548339483394834 0.1468668407310705 0.026752767527675275
31 0.7620757180156658 0.09548339483394834 0.15013054830287206 0.03044280442804428
105 0.5001697127937337 0.1185461254612546 0.18766318537859009 0.12453874538745388
136 0.7930939947780679 0.24308487084870847 0.0783289817232376 0.0470479704797048
0 0.30597911227154045 0.5562730627306273 0.050587467362924285 0.04981549815498155
0 0.23661879895561358 0.5119926199261993 0.0587467362924282 0.04797047970479705
0 0.2627284595300261 0.544280442804428 0.05548302872062663 0.05166051660516605
127 0.7588250652741514 0.281830258302583 0.05548302872062663 0.0470479704797048
127 0.8142950391644909 0.281830258302583 0.0587467362924282 0.048892988929889296
127 0.8632637075718016 0.27352767527675276 0.05548302872062663 0.0470479704797048
188 0.7400522193211488 0.3892988929889299 0.07669712793733681 0.06457564575645756
188 0.7588120104438643 0.3574760147601476 0.0685378590078329 0.0470479704797048
0 0.2929242819843342 0.5129151291512916 0.050587467362924285 0.042435424354243544
143 0.6870104438642297 0.6291512915129152 0.1370757180156658 0.07749077490774908
23 0.5760443864229765 0.6448339483394834 0.08485639686684072 0.07011070110701106
59 0.3745169712793734 0.6130110701107011 0.08975195822454309 0.07472324723247233
142 0.33372062663185376 0.5973284132841329 0.047323759791122716 0.03413284132841329
142 0.30842036553524804 0.6199261992619927 0.0587467362924282 0.03874538745387454
142 0.3598302872062663 0.6199261992619927 0.060378590078328985 0.03874538745387454