137 0.2545691906005222 0.37380073800738006 0.0783289817232376 0.1011070110701107
2 0.3125065274151436 0.8814612546125462 0.18766318537859009 0.14852398523985239
160 0.5001697127937337 0.8814612546125462 0.19092689295039164 0.14852398523985239
128 0.6899477806788512 0.8819188191881919 0.18929503916449086 0.14760147601476015
137 0.8746736292428199 0.8819188191881919 0.18276762402088773 0.14760147601476015
9 0.09464751958224543 0.9612546125461254 0.08485639686684072 0.05719557195571956
44 0.6168407310704961 0.976479704797048 0.7114882506527415 0.03966789667896679
144 0.2410313315926893 0.6130996309963099 0.14849869451697129 0.08487084870848709
144 0.7622454308093994 0.6112546125461255 0.1491514360313316 0.08597785977859779
140 0.505065274151436 0.6872693726937269 0.19092689295039164 0.11254612546125461
52 0.2327023498694517 0.1992619926199262 0.13838120104438642 0.09225092250922509
52 0.755065274151436 0.19972693726937268 0.14131853785900783 0.09132841328413284
185 0.23988250652741513 0.14428044280442803 0.1468668407310705 0.025092250922509225
185 0.7637075718015666 0.14391143911439114 0.1468668407310705 0.023985239852398525
27 0.21638381201044388 0.18874538745387454 0.1077023498694517 0.06088560885608856
27 0.7390731070496084 0.1881918819188192 0.1054177545691906 0.06420664206642067
105 0.5034334203655353 0.12177121771217712 0.19745430809399478 0.12361623616236163
146 0.239556135770235 0.6284132841328414 0.1475195822454308 0.022878228782287822
146 0.7617493472584856 0.6284132841328414 0.1475195822454308 0.021402214022140223
163 0.21801566579634465 0.43690036900369006 0.13577023498694518 0.06789667896678966
164 0.2924281984334204 0.35645756457564576 0.044386422976501305 0.05608856088560885
164 0.29699738903394257 0.32730627306273063 0.05352480417754569 0.04206642066420664
26 0.7225848563968669 0.2907749077490775 0.08746736292428199 0.07380073800738007
135 0.2108355091383812 0.4793357933579336 0.07963446475195822 0.06715867158671587
138 0.7473890339425587 0.36309963099631 0.07180156657963446 0.045756457564575644
22 0.15600522193211488 0.1819188191881919 0.07441253263707572 0.08634686346863468
123 0.6638381201044387 0.13260516605166053 0.10574412532637076 0.10331365313653137
143 0.6109660574412533 0.5885608856088561 0.1462140992167102 0.06863468634686347
147 0.4308093994778068 0.7254612546125462 0.0731070496083551 0.057564575645756455