100 0.20993472584856396 0.4474612546125461 0.11531331592689292 0.06273062730627306
52 0.23964751958224542 0.19662730627306274 0.16971279373368145 0.11491512915129154
8 0.3133159268929504 0.8808634686346863 0.19022193211488256 0.1423321033210333
15 0.49981723237597914 0.8840295202952029 0.19022193211488256 0.14443542435424356
128 0.6863054830287206 0.8856088560885609 0.19022193211488256 0.14760147601476015
150 0.8765404699738902 0.8845535055350553 0.19022193211488256 0.14549077490774898
144 0.23964751958224542 0.6136014760147601 0.14733681462140993 0.08434686346863465
144 0.7637075718015666 0.6141254612546125 0.1473368146214098 0.08539483394833951
146 0.23964751958224542 0.6278302583025831 0.15105744125326367 0.02635424354243545
146 0.7637075718015666 0.6273062730627307 0.1473368146214098 0.0253062730627306
139 0.49887728459530023 0.7590922509225092 0.21074412532637085 0.03584501845018454
140 0.5044778067885117 0.6868708487084871 0.195822454308094 0.11491512915129154
52 0.7627806788511748 0.19609594095940958 0.16784595300261088 0.11386715867158669
28 0.23964751958224542 0.17290774907749076 0.09511749347258487 0.05271586715867159
28 0.7627676240208877 0.1744870848708487 0.09325065274151444 0.047446494464944644
185 0.24151436031331594 0.11650184501845019 0.14733681462140993 0.0242509225092251
185 0.7637075718015666 0.11755719557195571 0.1473368146214098 0.02635424354243541
105 0.5026109660574413 0.12124723247232472 0.1846344647519583 0.11808118081180811
136 0.26203655352480415 0.23036900369003688 0.0764621409921671 0.04743911439114389
56 0.7273498694516971 0.3437047970479705 0.055953002610965925 0.07380073800738007
142 0.7161488250652742 0.38902583025830256 0.055939947780678734 0.04639852398523981
41 0.09511749347258486 0.960988929889299 0.08206266318537858 0.06008856088560891
142 0.755313315926893 0.4032619926199262 0.055953002610965925 0.045335793357933626
142 0.7898302872062664 0.38690774907749076 0.06527415143603134 0.04217712177121774
135 0.24430809399477804 0.48075276752767526 0.06714099216710184 0.05059778597785974
138 0.7264229765013056 0.44492250922509224 0.07644908616187983 0.03373431734317346
147 0.19767624020887728 0.5466568265682658 0.0820496083550914 0.05798523985239848
159 0.24151436031331594 0.3247232472324723 0.30771540469973896 0.13916605166051657
136 0.3039817232375979 0.24090774907749077 0.08578328981723235 0.04743911439114389
2 0.7152219321148825 0.28255350553505537 0.3338250652741515 0.14760147601476015
44 0.6168407310704961 0.9760147601476015 0.7049608355091384 0.03874538745387454