150 0.3114490861618799 0.8819188191881919 0.19022193211488256 0.14654612546125473
15 0.49887728459530023 0.8840295202952029 0.18090078328981715 0.14654612546125473
128 0.6881723237597911 0.8824428044280443 0.19022193211488256 0.14760147601476015
169 0.8737467362924282 0.8829741697416975 0.18836814621409917 0.15076752767527674
9 0.094177545691906 0.9620442804428044 0.0801958224543081 0.057985239852398646
44 0.6182375979112271 0.9762804428044279 0.7068276762402088 0.04216974169741688
140 0.5054046997389033 0.6900369003690037 0.19022193211488256 0.11281180811808128
144 0.2377806788511749 0.6136014760147601 0.15105744125326367 0.09067158671586709
144 0.7627806788511748 0.6125461254612546 0.14920365535248037 0.08645018450184509
52 0.24151436031331594 0.2024280442804428 0.12868146214099216 0.08856088560885608
52 0.7646344647519583 0.20084132841328411 0.12309399477806784 0.08961623616236165
185 0.23964751958224542 0.14180811808118082 0.14733681462140993 0.02635424354243541
185 0.7646344647519583 0.14233210332103322 0.1454699738903395 0.02530627306273064
30 0.23964751958224542 0.17396309963099632 0.06900783289817235 0.04428044280442806
30 0.7627676240208877 0.17343173431734318 0.07087467362924277 0.043225092250922525
105 0.5035509138381201 0.1201918819188192 0.1715665796344647 0.1307380073800738
31 0.2387206266318538 0.11650184501845019 0.14920365535248045 0.02635424354243541
31 0.7646344647519583 0.11491512915129153 0.14173629242819835 0.02530627306273064
146 0.2387206266318538 0.6283616236162362 0.14920365535248045 0.02108487084870844
146 0.7609138381201045 0.6283616236162362 0.14920365535248037 0.02108487084870844
6 0.8159268929503917 0.3979926199261992 0.12122715404699726 0.0959409594095941
103 0.5231201044386423 0.2525018450184502 0.12494778067885122 0.12335055350553505
142 0.7842036553524805 0.4596826568265683 0.06154046997389047 0.04428044280442804
142 0.90822454308094 0.45755719557195573 0.06715404699738911 0.04638376383763831
142 0.8532114882506526 0.44701845018450187 0.057806788511749314 0.04638376383763831
7 0.2527154046997389 0.46177121771217716 0.0801827676240209 0.06535793357933575
138 0.20330287206266318 0.5039557195571955 0.07086161879895565 0.03162361623616229
10 0.4056266318537859 0.20822140221402213 0.07274151436031336 0.04532841328413283
10 0.427088772845953 0.17923247232472325 0.07459530026109659 0.04638376383763839
10 0.5352480417754569 0.1702730627306273 0.0634073107049609 0.043225092250922505
10 0.5697389033942559 0.21244280442804428 0.06154046997389032 0.04743911439114389
10 0.4466579634464752 0.2345756457564576 0.08019582245430804 0.04532841328413281