2 0.3125065274151436 0.8814612546125462 0.18766318537859009 0.14852398523985239
40 0.5001697127937337 0.8814612546125462 0.19092689295039164 0.14852398523985239
150 0.6899477806788512 0.8819188191881919 0.18929503916449086 0.14760147601476015
137 0.8746736292428199 0.8819188191881919 0.18276762402088773 0.14760147601476015
170 0.09464751958224543 0.9612546125461254 0.08485639686684072 0.05719557195571956
44 0.6168407310704961 0.976479704797048 0.7114882506527415 0.03966789667896679
144 0.2410313315926893 0.6130996309963099 0.14849869451697129 0.08487084870848709
144 0.7622454308093994 0.6112546125461255 0.1491514360313316 0.08597785977859779
140 0.505065274151436 0.6872693726937269 0.19092689295039164 0.11254612546125461
52 0.2327023498694517 0.1992619926199262 0.13838120104438642 0.09225092250922509
52 0.755065274151436 0.19972693726937268 0.14131853785900783 0.09132841328413284
185 0.23988250652741513 0.14428044280442803 0.1468668407310705 0.025092250922509225
185 0.7637075718015666 0.14391143911439114 0.1468668407310705 0.023985239852398525
27 0.21638381201044388 0.18874538745387454 0.1077023498694517 0.06088560885608856
27 0.7390731070496084 0.1881918819188192 0.1054177545691906 0.06420664206642067
105 0.5034334203655353 0.12177121771217712 0.19745430809399478 0.12361623616236163
146 0.239556135770235 0.6284132841328414 0.1475195822454308 0.022878228782287822
146 0.7617493472584856 0.6284132841328414 0.1475195822454308 0.021402214022140223
142 0.2800261096605744 0.24686346863468633 0.0639686684073107 0.04649446494464945
143 0.304177545691906 0.2918819188191882 0.12532637075718014 0.07306273062730627
37 0.8302872062663186 0.45129151291512914 0.10443864229765012 0.07601476014760147
147 0.7467362924281984 0.24575645756457565 0.09921671018276762 0.09003690036900369
94 0.20169712793733682 0.6261992619926199 0.3563968668407311 0.17638376383763837
135 0.22323759791122716 0.6712177121771218 0.06005221932114883 0.04206642066420664
174 0.09203655352480418 0.6627306273062731 0.050913838120104436 0.03690036900369004
174 0.12663185378590078 0.5856088560885608 0.0391644908616188 0.03616236162361624
174 0.30809399477806787 0.5738007380073801 0.0391644908616188 0.03616236162361624
123 0.4321148825065274 0.23985239852398524 0.1122715404699739 0.11808118081180811