159 0.23964751958224542 0.41170479704797047 0.30771540469973896 0.1381107011070111
15 0.3114490861618799 0.8819188191881919 0.19022193211488256 0.14654612546125473
128 0.49887728459530023 0.8840295202952029 0.18090078328981715 0.14654612546125473
2 0.6881723237597911 0.8824428044280443 0.19022193211488256 0.14760147601476015
150 0.8737467362924282 0.8829741697416975 0.18836814621409917 0.15076752767527674
41 0.094177545691906 0.9620442804428044 0.0801958224543081 0.057985239852398646
44 0.6182375979112271 0.9762804428044279 0.7068276762402088 0.04216974169741688
140 0.5054046997389033 0.6900369003690037 0.19022193211488256 0.11281180811808128
144 0.2377806788511749 0.6136014760147601 0.15105744125326367 0.09067158671586709
144 0.7627806788511748 0.6125461254612546 0.14920365535248037 0.08645018450184509
146 0.2387206266318538 0.6278302583025831 0.1529242819843342 0.024250922509225017
146 0.7618407310704961 0.6273062730627307 0.15105744125326376 0.023195571955719606
118 0.8149869451697127 0.5097416974169742 0.09697127937336811 0.06220664206642064
119 0.7525456919060053 0.4022140221402214 0.09885117493472588 0.08118081180811808
52 0.24151436031331594 0.2024280442804428 0.12868146214099216 0.08856088560885608
52 0.7646344647519583 0.20189667896678967 0.12309399477806784 0.08750553505535057
185 0.23964751958224542 0.14707749077490775 0.14733681462140993 0.02635424354243541
185 0.7646344647519583 0.14760147601476015 0.1454699738903395 0.02530627306273064
158 0.23032637075718015 0.17817712177121772 0.0764621409921671 0.03584501845018452
158 0.7534464751958224 0.17817712177121772 0.07087467362924277 0.03584501845018452
105 0.4979503916449086 0.12124723247232472 0.19022193211488256 0.12651660516605168
137 0.29 0.46862730627306276 0.07647519582245428 0.10437638376383769
147 0.7068146214099216 0.5281992619926199 0.10071801566579638 0.0548191881918819
177 0.24338120104438643 0.4254095940959409 0.14360313315926893 0.09383763837638383
77 0.27973890339425583 0.2688413284132841 0.15665796344647515 0.08645018450184501
7 0.8737467362924282 0.5376900369003691 0.08018276762402098 0.0632546125461255
107 0.5016840731070497 0.031099630996309965 0.20142297650130545 0.03268634686346863