15 0.3114490861618799 0.8819188191881919 0.19022193211488256 0.14654612546125473
128 0.49887728459530023 0.8840295202952029 0.18090078328981715 0.14654612546125473
2 0.6881723237597911 0.8824428044280443 0.19022193211488256 0.14760147601476015
8 0.8737467362924282 0.8829741697416975 0.18836814621409917 0.15076752767527674
151 0.094177545691906 0.9620442804428044 0.0801958224543081 0.057985239852398646
44 0.6182375979112271 0.9762804428044279 0.7068276762402088 0.04216974169741688
140 0.5054046997389033 0.6900369003690037 0.19022193211488256 0.11281180811808128
145 0.2377806788511749 0.6220369003690037 0.15105744125326367 0.07380073800738007
144 0.7627806788511748 0.6125461254612546 0.14920365535248037 0.08645018450184509
146 0.7618407310704961 0.6273062730627307 0.15105744125326376 0.023195571955719606
52 0.24151436031331594 0.2024280442804428 0.12868146214099216 0.08856088560885608
52 0.7646344647519583 0.20189667896678967 0.12309399477806784 0.08750553505535057
185 0.23964751958224542 0.14707749077490775 0.14733681462140993 0.02635424354243541
185 0.7646344647519583 0.14760147601476015 0.1454699738903395 0.02530627306273064
158 0.23032637075718015 0.17817712177121772 0.0764621409921671 0.03584501845018452
158 0.7534464751958224 0.17817712177121772 0.07087467362924277 0.03584501845018452
105 0.4979503916449086 0.12124723247232472 0.19022193211488256 0.12651660516605168
147 0.7105483028720626 0.44912915129151293 0.10818537859007826 0.08855350553505535
107 0.5016840731070497 0.031099630996309965 0.20142297650130545 0.03268634686346863
77 0.7525195822454307 0.4333062730627306 0.15107049608355094 0.08222878228782293
143 0.2349869451697128 0.37849446494464944 0.1156266318537859 0.07380073800738007
142 0.2797389033942559 0.3979926199261992 0.05967362924281982 0.04744649446494462
13 0.2601697127937337 0.3494981549815498 0.05035248041775456 0.03478966789667896
139 0.49981723237597914 0.7590922509225092 0.20887728459530025 0.03163099630996311
177 0.6313054830287206 0.2535571955719557 0.15105744125326367 0.08961623616236158
85 0.5473759791122715 0.5150258302583026 0.1025718015665797 0.09172693726937267
80 0.675130548302872 0.5935645756457565 0.04848563968668413 0.0485018450184502
178 0.6779242819843342 0.3062730627306273 0.37485639686684064 0.1718523985239853
174 0.48770234986945166 0.30100369003690036 0.050352480417754635 0.03901107011070112
174 0.7189556135770235 0.36109963099631 0.05035248041775449 0.03901107011070112
174 0.5576370757180157 0.25092250922509224 0.04103133159268923 0.03795571955719553
174 0.6611488250652742 0.2229889298892989 0.050352480417754635 0.03901107011070112
174 0.7376109660574413 0.27464944649446493 0.031697127937336776 0.03268634686346861