52 0.7647911227154047 0.19864944649446495 0.16753263707571792 0.1168487084870849
52 0.23390339425587467 0.20049446494464945 0.15447780678851172 0.11070110701107011
180 0.1718798955613577 0.4797121771217712 0.05657963446475194 0.05658302583025836
180 0.7354177545691907 0.466789667896679 0.06527415143603134 0.052885608856088624
144 0.23607049608355093 0.6143911439114391 0.15447780678851172 0.0873284132841328
144 0.7647911227154047 0.6100885608856088 0.14578328981723246 0.08856088560885608
140 0.5069582245430809 0.6900369003690037 0.19147519582245426 0.11070110701107011
105 0.4982637075718016 0.12177121771217712 0.17842036553524798 0.13529889298892991
8 0.3116057441253264 0.8805166051660516 0.1936422976501306 0.14303321033210328
2 0.49950391644908615 0.8820073800738006 0.19084856396866848 0.14496678966789656
15 0.6856919060052219 0.883239852398524 0.18836814621409917 0.1474243542435426
40 0.8754569190600523 0.8825313653136531 0.19550913838120104 0.14391143911439114
170 0.09464751958224543 0.959409594095941 0.08050913838120105 0.06396309963099636
44 0.29699738903394257 0.9669667896678967 0.06309399477806786 0.026708487084870888
96 0.24368146214099215 0.5449003690036901 0.05221932114882506 0.03690036900369004
71 0.8061227154046997 0.4452619926199262 0.04569190600522193 0.049195571955719615
185 0.23988250652741513 0.12177121771217712 0.14468668407310703 0.02952029520295203
185 0.7626240208877284 0.12484870848708486 0.15013054830287206 0.02828782287822877
146 0.2393342036553525 0.6285387453874538 0.14360313315926893 0.02214022140221402
146 0.76588772845953 0.6291512915129152 0.14360313315926893 0.020907749077490722
174 0.24259791122715407 0.42435424354243545 0.05439947780678853 0.03690036900369004
174 0.7789033942558746 0.43473800738007384 0.038511749347258484 0.03554981549815504
174 0.7669321148825066 0.45426568265682654 0.033942558746736295 0.037350553505534984
174 0.28502610966057446 0.42066420664206644 0.047859007832898204 0.04182287822878234
174 0.7321540469973891 0.4311143911439114 0.04570496083550913 0.03813284132841334
39 0.2545691906005222 0.3954464944649447 0.06963446475195827 0.05042804428044279
174 0.7376109660574413 0.4065166051660517 0.05220626631853787 0.025822878228782296
180 0.3285378590078329 0.14329151291512915 0.05656657963446473 0.0578081180811808
180 0.3698825065274151 0.12730627306273062 0.05221932114882506 0.0578081180811808
180 0.610313315926893 0.11254612546125461 0.050039164490861675 0.0578081180811808
96 0.8605352480417754 0.1562140221402214 0.06309399477806779 0.03690036900369004
158 0.23280678851174935 0.17712177121771217 0.07398172323759793 0.0393579335793358
158 0.755 0.17650922509225092 0.06527415143603134 0.0381328413284133