144 0.2423368146214099 0.6134686346863468 0.14849869451697129 0.08856088560885608
145 0.7645300261096606 0.6222952029520296 0.14849869451697129 0.07274538745387449
52 0.7620757180156658 0.19557195571955718 0.17297650130548303 0.11623616236162361
52 0.24151436031331594 0.19557195571955718 0.1664490861618799 0.11439114391143912
80 0.6127676240208877 0.6780442804428044 0.06364229765013055 0.04797047970479705
180 0.6755874673629243 0.5438228782287823 0.06201044386422976 0.0544280442804428
180 0.7914490861618799 0.5821033210332104 0.0685378590078329 0.055350553505535055
180 0.7074151436031332 0.5802583025830258 0.06690600522193212 0.055350553505535055
80 0.27823759791122715 0.5585756457564576 0.057114882506527416 0.03044280442804428
80 0.24070496083550913 0.5438154981549815 0.057114882506527416 0.03228782287822878
80 0.22275456919060052 0.5225977859778598 0.060378590078328985 0.03413284132841329
39 0.2521279373368146 0.476479704797048 0.07343342036553525 0.0544280442804428
64 0.7506527415143603 0.32795571955719555 0.04569190600522193 0.052583025830258305
140 0.505065274151436 0.689579335793358 0.19092689295039164 0.10977859778597786
8 0.31157963446475195 0.8823837638376385 0.19139686684073112 0.1466789667896679
2 0.5001697127937337 0.881520295202952 0.19326370757180153 0.14470110701107022
15 0.6872454308093994 0.8814612546125462 0.19116187989556144 0.1448339483394834
40 0.8766579634464752 0.881520295202952 0.1955874673629242 0.14470110701107022
170 0.09383812010443864 0.9589520295202952 0.07996083550913838 0.06549815498154982
44 0.2986292428198433 0.9677121771217713 0.0587467362924282 0.027675276752767528
146 0.23988250652741513 0.6282287822878229 0.1468668407310705 0.02029520295202952
185 0.24070496083550913 0.12453874538745388 0.15176240208877284 0.025830258302583026
105 0.4993472584856397 0.11900369003690037 0.19255874673629242 0.12361623616236163
185 0.7628981723237598 0.12453874538745388 0.1452349869451697 0.025830258302583026
180 0.28476501305483026 0.279520295202952 0.05385117493472585 0.04981549815498155
101 0.7245561357702349 0.3551660516605166 0.06201044386422976 0.05166051660516605
64 0.7180287206266318 0.2975129151291513 0.0489556135770235 0.052583025830258305
64 0.7922715404699738 0.3025830258302583 0.04406005221932115 0.04797047970479705
180 0.3027154046997389 0.23062730627306274 0.06690600522193212 0.042435424354243544
180 0.28476501305483026 0.252309963099631 0.057114882506527416 0.043357933579335796
80 0.1574804177545692 0.13884132841328414 0.050587467362924285 0.048892988929889296
80 0.17950391644908617 0.1130110701107011 0.05548302872062663 0.023062730627306273
80 0.18113577023498695 0.08949077490774907 0.06201044386422976 0.03136531365313652
174 0.7343342036553525 0.6060885608856088 0.0391644908616188 0.04059040590405904
174 0.5964490861618799 0.6296162361623616 0.040796344647519585 0.03413284132841329
96 0.32719321148825065 0.20848708487084872 0.05385117493472585 0.03505535055350553
139 0.5009791122715405 0.7596900369003691 0.2056135770234987 0.03228782287822878
158 0.2349869451697128 0.17554243542435424 0.06340731070496082 0.03901107011070112
158 0.7543864229765013 0.17712177121771217 0.07272845953002616 0.03795571955719556