144 0.2402088772845953 0.6121771217712177 0.1514360313315927 0.08487084870848709
144 0.762402088772846 0.611439114391144 0.1514360313315927 0.08929889298892989
146 0.2402088772845953 0.6280442804428045 0.14882506527415143 0.026568265682656828
146 0.7617493472584856 0.6280442804428045 0.15013054830287206 0.023616236162361623
140 0.5078328981723238 0.6878228782287823 0.185378590078329 0.11365313653136531
44 0.6181462140992167 0.9767527675276753 0.7088772845953003 0.04206642066420664
16 0.09530026109660575 0.9619926199261992 0.0783289817232376 0.05977859778597786
8 0.30809399477806787 0.8822878228782288 0.185378590078329 0.14686346863468636
150 0.4993472584856397 0.8826568265682657 0.1866840731070496 0.14612546125461254
2 0.6879895561357703 0.8822878228782288 0.1906005221932115 0.14538745387453875
40 0.8772845953002611 0.8822878228782288 0.18798955613577023 0.14538745387453875
52 0.2402088772845953 0.20184501845018452 0.1227154046997389 0.08782287822878229
52 0.7637075718015666 0.2011070110701107 0.1227154046997389 0.08634686346863468
185 0.7617493472584856 0.14797047970479704 0.1475195822454308 0.025830258302583026
185 0.2402088772845953 0.14723247232472325 0.14882506527415143 0.025830258302583026
158 0.2310704960835509 0.1797047970479705 0.06527415143603134 0.043542435424354244
158 0.7526109660574413 0.18044280442804428 0.07180156657963446 0.045018450184501846
105 0.4980417754569191 0.12103321033210332 0.18929503916449086 0.12398523985239852
126 0.7754569190600522 0.42435424354243545 0.0783289817232376 0.05608856088560885
176 0.34856396866840733 0.3933579335793358 0.10966057441253264 0.06199261992619926
176 0.6984334203655352 0.3634686346863469 0.09921671018276762 0.05387453874538745
87 0.5228459530026109 0.25940959409594094 0.13446475195822455 0.09225092250922509
180 0.7467362924281984 0.45645756457564574 0.06005221932114883 0.05830258302583026
180 0.7219321148825065 0.43284132841328415 0.05483028720626632 0.05387453874538745
147 0.7258485639686684 0.5092250922509225 0.08616187989556136 0.06642066420664207
142 0.2898172323759791 0.56309963099631 0.05221932114882506 0.035424354243542434
142 0.34073107049608353 0.5686346863468634 0.05483028720626632 0.037638376383763834
142 0.32310704960835507 0.537269372693727 0.07180156657963446 0.03394833948339483
159 0.6592689295039165 0.6044280442804428 0.28720626631853785 0.14022140221402213