52 0.7647911227154047 0.19864944649446495 0.16753263707571792 0.1168487084870849
52 0.23390339425587467 0.20049446494464945 0.15447780678851172 0.11070110701107011
180 0.74411227154047 0.45387453874538747 0.06092689295039174 0.049195571955719615
144 0.23607049608355093 0.6143911439114391 0.15447780678851172 0.0873284132841328
144 0.7647911227154047 0.6100885608856088 0.14578328981723246 0.08856088560885608
140 0.5069582245430809 0.6900369003690037 0.19147519582245426 0.11070110701107011
105 0.4982637075718016 0.12177121771217712 0.17842036553524798 0.13529889298892991
8 0.31253263707571804 0.8805166051660516 0.18804177545691908 0.14303321033210328
2 0.49950391644908615 0.8825313653136531 0.19456919060052213 0.14391143911439114
15 0.6875587467362924 0.8837638376383764 0.18836814621409917 0.14636900369003686
40 0.8754569190600523 0.8830553505535055 0.19177545691906017 0.14285608856088572
170 0.09464751958224543 0.959409594095941 0.08050913838120105 0.06396309963099636
44 0.29699738903394257 0.9643321033210333 0.06309399477806786 0.03197785977859773
185 0.24070496083550913 0.12269372693726938 0.1463185378590078 0.027675276752767528
185 0.7626240208877284 0.12484870848708486 0.15013054830287206 0.02828782287822877
146 0.2393342036553525 0.6285387453874538 0.14360313315926893 0.02214022140221402
146 0.76588772845953 0.6291512915129152 0.14360313315926893 0.020907749077490722
174 0.794177545691906 0.3739261992619926 0.05220626631853787 0.03444280442804425
180 0.7212793733681462 0.34994095940959413 0.0587467362924282 0.055350553505535055
71 0.2795953002610966 0.477859778597786 0.04569190600522193 0.057808118081180755
80 0.8039686684073107 0.4797121771217712 0.06309399477806779 0.03690036900369004
80 0.8072193211488251 0.45264206642066424 0.06092689295039174 0.03197785977859773
39 0.22409921671018276 0.4003690036900369 0.0783289817232376 0.055350553505535055
180 0.720195822454308 0.3204280442804428 0.06092689295039174 0.04059040590405904
80 0.7713315926892951 0.4329594095940959 0.05439947780678861 0.03444280442804434
80 0.7734986945169713 0.4077564575645756 0.06310704960835499 0.0307453874538746
101 0.7995953002610966 0.34318081180811805 0.06745430809399487 0.03935793357933582
96 0.19255874673629242 0.25768265682656827 0.0587467362924282 0.04304797047970483
180 0.7288903394255876 0.2958228782287823 0.05656657963446466 0.04059040590405904
174 0.8050522193211488 0.3007380073800738 0.05657963446475185 0.038132841328413256
174 0.8093994778067886 0.2706051660516605 0.05221932114882506 0.031977859778597816
80 0.10988250652741514 0.11070110701107011 0.04569190600522193 0.04428044280442804
96 0.2795953002610966 0.2865977859778598 0.05439947780678853 0.04428044280442804
80 0.18385117493472586 0.10762361623616237 0.0500391644908616 0.035667896678966776
80 0.18276762402088773 0.07933579335793357 0.0478720626631854 0.03075276752767529
80 0.13381201044386423 0.08425830258302584 0.0500391644908616 0.025830258302583037
158 0.23172323759791122 0.17466420664206642 0.0674543080939948 0.03935793357933578
158 0.7539164490861618 0.17588929889298893 0.07180156657963446 0.03935793357933578