52 0.2506527415143603 0.2095940959409594 0.1671018276762402 0.11512915129151291
185 0.2519582245430809 0.13948339483394834 0.14360313315926893 0.025092250922509225
52 0.7493472584856397 0.2095940959409594 0.1671018276762402 0.11512915129151291
105 0.5026109660574413 0.13616236162361622 0.18276762402088773 0.11881918819188192
145 0.24657963446475195 0.6217712177121771 0.14197127937336815 0.06752767527675277
185 0.7526109660574413 0.14022140221402213 0.14490861618798956 0.026568265682656828
145 0.7493472584856397 0.622140221402214 0.1409921671018277 0.06789667896678966
141 0.5006527415143603 0.6929889298892989 0.20234986945169714 0.0959409594095941
80 0.4069843342036554 0.6599630996309963 0.044386422976501305 0.03247232472324723
80 0.38609660574412535 0.6824723247232473 0.044386422976501305 0.042804428044280446
80 0.4148172323759791 0.7012915129151291 0.04960835509138381 0.04944649446494465
39 0.38446475195822455 0.6079335793357934 0.05026109660574413 0.05719557195571956
180 0.6751044386422976 0.5466789667896679 0.06886422976501305 0.05904059040590406
180 0.3560704960835509 0.5332029520295203 0.05221932114882506 0.04907749077490775
180 0.3945822454308094 0.5519409594095941 0.05613577023498695 0.0533210332103321
180 0.32278067885117495 0.5524870848708487 0.057441253263707574 0.052583025830258305
180 0.7878590078328982 0.5892988929889299 0.06919060052219321 0.05682656826568266
64 0.5907310704960835 0.6690036900369004 0.04046997389033943 0.045018450184501846
174 0.70822454308094 0.5645756457564576 0.04308093994778068 0.042804428044280446
71 0.3426892950391645 0.6206642066420665 0.048302872062663184 0.053136531365313655
174 0.6964751958224543 0.5856088560885608 0.05352480417754569 0.04206642066420664
174 0.7238903394255874 0.5428044280442804 0.06135770234986945 0.037638376383763834
101 0.2734986945169713 0.548339483394834 0.0639686684073107 0.05608856088560885
80 0.43733681462140994 0.6380073800738008 0.05221932114882506 0.03911439114391144
64 0.5744125326370757 0.7129151291512915 0.05483028720626632 0.04870848708487085
64 0.6024804177545692 0.6948339483394834 0.04308093994778068 0.05239852398523985
64 0.5554830287206266 0.6848708487084871 0.030026109660574413 0.03985239852398524
64 0.5678851174934726 0.6487084870848708 0.031331592689295036 0.045756457564575644
158 0.24695822454308092 0.18942435424354245 0.0674543080939948 0.03690036900369004
158 0.7463054830287206 0.1900369003690037 0.06962140992167093 0.0356678966789668