41 0.09325065274151437 0.9620516605166051 0.0783289817232376 0.06221402214022154
169 0.49981723237597914 0.8829815498154981 0.19022193211488256 0.15076752767527674
128 0.6872454308093994 0.8814022140221401 0.1846344647519583 0.14549077490774898
51 0.8728067885117494 0.8814022140221401 0.19022193211488256 0.14549077490774898
44 0.6173107049608355 0.9747084870848709 0.7049608355091384 0.03690036900369004
140 0.5063446475195823 0.6905756457564576 0.18090078328981715 0.1117564575645757
145 0.2368537859007833 0.6225682656826569 0.14174934725848562 0.06853136531365306
145 0.7627806788511748 0.6209889298892989 0.14920365535248037 0.07169003690036908
27 0.21819843342036552 0.19030258302583028 0.10443864229765012 0.06220664206642066
53 0.7599738903394255 0.21718081180811807 0.1548041775456918 0.07380073800738007
52 0.24244125326370758 0.19557195571955718 0.16784595300261096 0.11491512915129154
185 0.24151436031331594 0.12598523985239854 0.14733681462140993 0.02635424354243541
105 0.5026109660574413 0.11913653136531366 0.1846344647519583 0.12440590405904059
174 0.5827937336814621 0.716929889298893 0.03544386422976498 0.03795571955719562
174 0.6284986945169713 0.6895129151291512 0.033550913838120165 0.03585239852398519
174 0.5818798955613578 0.6900295202952029 0.04101827676240204 0.02214022140221402
174 0.5827937336814621 0.6568191881918819 0.03541775456919059 0.03584501845018445
95 0.7189556135770235 0.21718081180811807 0.0690078328981722 0.071690036900369
95 0.765574412532637 0.2535571955719557 0.06527415143603134 0.06431734317343171
95 0.7879503916449087 0.21876014760147602 0.0690078328981722 0.06642066420664207
147 0.2648172323759791 0.24459778597785978 0.10070496083550912 0.08645018450184501
122 0.5026109660574413 0.24090774907749077 0.09138381201044386 0.079070110701107
122 0.7049608355091384 0.45650922509225095 0.09325065274151444 0.08223616236162366
80 0.7590469973890339 0.525040590405904 0.055953002610965925 0.03795571955719562
80 0.7254830287206266 0.510280442804428 0.05221932114882506 0.03795571955719562
174 0.7497258485639686 0.44912915129151293 0.03729765013054822 0.03373431734317346
174 0.7385248041775457 0.42066420664206644 0.05221932114882506 0.03163099630996303
25 0.8550913838120104 0.11491512915129153 0.10630548302872071 0.0843468634686347
135 0.2760182767624021 0.6294169741697417 0.07459530026109659 0.04428044280442804
16 0.3133159268929504 0.8814022140221401 0.19022193211488256 0.14760147601476015