44 0.6194516971279374 0.9760147601476015 0.706266318537859 0.04206642066420664
151 0.09464751958224543 0.9605166051660516 0.08224543080939947 0.05977859778597786
8 0.3133159268929504 0.8819188191881919 0.18276762402088773 0.14612546125461254
169 0.49869451697127937 0.8822878228782288 0.18798955613577023 0.14686346863468636
40 0.6879895561357703 0.8822878228782288 0.19321148825065274 0.14686346863468636
15 0.8753263707571801 0.881549815498155 0.1866840731070496 0.14686346863468636
140 0.5032637075718016 0.6900369003690037 0.19451697127937337 0.11070110701107011
144 0.2402088772845953 0.6143911439114391 0.15404699738903394 0.0907749077490775
145 0.7597911227154047 0.6261992619926199 0.1514360313315927 0.07011070110701106
146 0.23825065274151436 0.629520295202952 0.15274151436031333 0.028044280442804426
52 0.762402088772846 0.19557195571955718 0.17232375979112272 0.11660516605166052
52 0.23890339425587467 0.1959409594095941 0.17493472584856398 0.11734317343173432
185 0.23890339425587467 0.12398523985239852 0.14882506527415143 0.028044280442804426
185 0.7630548302872062 0.12398523985239852 0.15013054830287206 0.028044280442804426
105 0.5019582245430809 0.11955719557195572 0.18929503916449086 0.12250922509225093
30 0.24216710182767623 0.17158671586715868 0.06657963446475196 0.05830258302583026
30 0.7656657963446475 0.17158671586715868 0.06657963446475196 0.055350553505535055
31 0.23890339425587467 0.09667896678966789 0.1462140992167102 0.028044280442804426
31 0.7630548302872062 0.096309963099631 0.14490861618798956 0.025830258302583026
139 0.4993472584856397 0.7597785977859779 0.20757180156657964 0.033210332103321034
0 0.3779373368146214 0.22103321033210332 0.05352480417754569 0.05239852398523985
127 0.360313315926893 0.29298892988929887 0.05483028720626632 0.053136531365313655
127 0.3381201044386423 0.2730627306273063 0.05221932114882506 0.04870848708487085
127 0.3218015665796345 0.3051660516605166 0.0587467362924282 0.05387453874538745
0 0.32310704960835507 0.21439114391143912 0.04569190600522193 0.05239852398523985
84 0.17232375979112272 0.3254612546125461 0.2506527415143603 0.14022140221402213
159 0.19386422976501305 0.34833948339483395 0.3093994778067885 0.14464944649446496
80 0.20365535248041775 0.3505535055350554 0.06005221932114883 0.047232472324723246
80 0.26631853785900783 0.35608856088560886 0.06527415143603134 0.045018450184501846