144 0.239556135770235 0.6149963099630996 0.14490861618798956 0.09225092250922509
143 0.2003916449086162 0.5047970479704798 0.13968668407310705 0.06937269372693727
9 0.09530026109660575 0.9619261992619926 0.08093994778067885 0.05669372693726949
160 0.31462140992167104 0.8814169741697416 0.18798955613577023 0.14833948339483394
44 0.6181462140992167 0.976619926199262 0.7088772845953003 0.03911439114391144
2 0.4993472584856397 0.8847380073800738 0.1866840731070496 0.14907749077490776
128 0.6879895561357703 0.8828929889298892 0.1906005221932115 0.14833948339483394
40 0.8753263707571801 0.8825239852398523 0.1814621409921671 0.14612546125461254
144 0.7630548302872062 0.6105682656826569 0.14490861618798956 0.08634686346863468
146 0.762402088772846 0.6293874538745388 0.1462140992167102 0.023616236162361623
105 0.5026109660574413 0.12250922509225093 0.2010443864229765 0.12398523985239852
52 0.23302872062663185 0.2007380073800738 0.13968668407310705 0.09003690036900369
52 0.7558746736292428 0.2011070110701107 0.14360313315926893 0.08929889298892989
158 0.23172323759791122 0.17822878228782288 0.07180156657963446 0.03911439114391144
158 0.7552219321148825 0.17822878228782288 0.07441253263707572 0.037638376383763834
185 0.24151436031331594 0.14354243542435424 0.1462140992167102 0.024354243542435424
140 0.5065274151436031 0.6870848708487085 0.185378590078329 0.11365313653136531
139 0.5 0.759409594095941 0.206266318537859 0.03247232472324723
146 0.239556135770235 0.6280442804428045 0.1475195822454308 0.023616236162361623
88 0.24151436031331594 0.4022140221402214 0.1122715404699739 0.1047970479704797
185 0.7637075718015666 0.14391143911439114 0.1462140992167102 0.025092250922509225
12 0.4765013054830287 0.26199261992619927 0.12010443864229765 0.09151291512915129
147 0.7278067885117493 0.34354243542435425 0.1031331592689295 0.0907749077490775
10 0.6671018276762402 0.3280442804428044 0.07571801566579635 0.05387453874538745
10 0.7134464751958225 0.32250922509225094 0.06919060052219321 0.05018450184501845
63 0.16906005221932116 0.35977859778597787 0.16840731070496084 0.08782287822878229
137 0.30548302872062666 0.37047970479704795 0.13315926892950392 0.08265682656826569