161 0.094177545691906 0.9615202952029519 0.0801958224543081 0.05904059040590406
44 0.615443864229765 0.9768044280442804 0.7049608355091384 0.041114391143911466
128 0.3114490861618799 0.8819188191881919 0.19395561357702354 0.14654612546125473
2 0.49981723237597914 0.8834981549815499 0.18650130548302873 0.14549077490774898
40 0.6872454308093994 0.8819188191881919 0.1846344647519583 0.14654612546125473
15 0.8746736292428199 0.8819188191881919 0.18650130548302887 0.14865682656826557
140 0.5072715404699739 0.6889815498154982 0.18650130548302873 0.10859040590405912
144 0.24058746736292427 0.6125461254612546 0.14546997389033944 0.08645018450184509
144 0.7637075718015666 0.6130701107011071 0.13986945169712806 0.08539483394833951
146 0.23953002610966057 0.6283616236162362 0.15083550913838123 0.023195571955719606
146 0.7645300261096606 0.6277712177121771 0.14197127937336815 0.023062730627306273
62 0.18554830287206267 0.1580738007380074 0.0825195822454308 0.08790405904059041
143 0.3021148825065274 0.4715276752767527 0.12634464751958227 0.07564575645756458
52 0.24151436031331594 0.20018450184501846 0.1272845953002611 0.08856088560885608
52 0.7637075718015666 0.19972693726937268 0.12402088772845953 0.09132841328413284
52 0.23988250652741513 0.14391143911439114 0.14360313315926893 0.025830258302583026
52 0.7628981723237598 0.1434538745387454 0.1452349869451697 0.024907749077490774
158 0.23009138381201044 0.17574169741697418 0.07180156657963446 0.03782287822878229
158 0.7539164490861618 0.1752767527675277 0.07180156657963446 0.03874538745387454
142 0.6760574412532637 0.44754243542435423 0.057806788511749314 0.0411217712177122
142 0.7086945169712794 0.4232988929889299 0.07087467362924277 0.04321771217712173
142 0.8000783289817233 0.44121033210332106 0.06342036553524795 0.03268634686346861
194 0.5296475195822454 0.26251660516605163 0.13428198433420369 0.0780147601476015
105 0.5026109660574413 0.11966051660516604 0.192088772845953 0.12335055350553505
62 0.2965013054830287 0.15861254612546125 0.06574412532637078 0.08051660516605164
62 0.34314621409921675 0.14016236162361623 0.0881201044386423 0.0752472324723247
62 0.6424543080939947 0.13540959409594094 0.08253263707571805 0.08895940959409596
62 0.688159268929504 0.15280442804428046 0.05455613577023494 0.08368265682656825
62 0.8093733681462141 0.15121771217712177 0.06946475195822459 0.0847380073800738
149 0.7543733681462141 0.49656826568265683 0.12122715404699726 0.07591143911439106
147 0.7348041775456919 0.5408560885608856 0.12309399477806784 0.05482656826568263
143 0.4821018276762402 0.7258819188191883 0.12868146214099224 0.06642066420664215