150 0.3116840731070496 0.8819188191881919 0.19255874673629242 0.14575645756457564
160 0.5001697127937337 0.8828413284132841 0.19092689295039164 0.14760147601476015
2 0.6878328981723237 0.8828413284132841 0.18766318537859009 0.14760147601476015
128 0.8754960835509138 0.8823837638376385 0.19419060052219322 0.1466789667896679
9 0.09383812010443864 0.9607970479704798 0.07996083550913838 0.061808118081180814
44 0.6192950391644908 0.9760147601476015 0.7065926892950392 0.04059040590405904
144 0.24070496083550913 0.6125461254612546 0.15176240208877284 0.09040590405904059
145 0.7580026109660575 0.6250036900369004 0.15828981723237598 0.07841328413284133
84 0.24070496083550913 0.5373653136531366 0.30842036553524804 0.1392988929889299
146 0.23825065274151436 0.6273062730627307 0.15013054830287206 0.027675276752767528
140 0.49364229765013057 0.689579335793358 0.1746083550913838 0.10977859778597786
139 0.4985378590078329 0.7587675276752769 0.21050913838120106 0.03413284132841329
52 0.23825065274151436 0.19649446494464945 0.16971279373368145 0.11808118081180811
52 0.761266318537859 0.19603690036900367 0.1746083550913838 0.11715867158671586
185 0.23825065274151436 0.12361623616236163 0.15339425587467362 0.027675276752767528
185 0.7604438642297651 0.12315867158671587 0.15013054830287206 0.026752767527675275
31 0.23825065274151436 0.09548339483394834 0.1468668407310705 0.026752767527675275
31 0.7620757180156658 0.09548339483394834 0.15013054830287206 0.03044280442804428
105 0.5001697127937337 0.1185461254612546 0.18766318537859009 0.12453874538745388
59 0.22193211488250653 0.520760147601476 0.1468668407310705 0.07841328413284133
23 0.7196475195822454 0.4893948339483395 0.11422976501305483 0.06734317343173432
137 0.7726892950391645 0.38422878228782287 0.08322454308093995 0.10424354243542436
0 0.2545691906005222 0.4677121771217712 0.05548302872062663 0.04797047970479705
0 0.22928198433420366 0.4460369003690037 0.050587467362924285 0.043357933579335796
0 0.22030026109660575 0.38330627306273063 0.0587467362924282 0.0507380073800738
80 0.20887728459530025 0.5714981549815498 0.06527415143603134 0.045202952029520294
0 0.26925587467362927 0.38099630996309963 0.05548302872062663 0.05350553505535055
159 0.7620757180156658 0.5198376383763837 0.30678851174934724 0.1411439114391144