52 0.24151436031331594 0.2014760147601476 0.1227154046997389 0.08560885608856089
52 0.7643603133159269 0.2014760147601476 0.12140992167101827 0.08560885608856089
185 0.239556135770235 0.14723247232472325 0.1475195822454308 0.025830258302583026
185 0.7630548302872062 0.14686346863468636 0.1475195822454308 0.025092250922509225
105 0.49673629242819844 0.12066420664206642 0.18407310704960836 0.12472324723247233
144 0.2402088772845953 0.6132841328413284 0.1514360313315927 0.08560885608856089
144 0.7630548302872062 0.6121771217712177 0.1475195822454308 0.08782287822878229
146 0.762402088772846 0.6284132841328414 0.14882506527415143 0.024354243542435424
140 0.5045691906005222 0.6881918819188192 0.18929503916449086 0.11143911439114391
158 0.2297650130548303 0.181549815498155 0.07049608355091384 0.045756457564575644
158 0.7539164490861618 0.18007380073800738 0.06919060052219321 0.042804428044280446
15 0.31201044386422977 0.8819188191881919 0.18798955613577023 0.14760147601476015
169 0.5006527415143603 0.8822878228782288 0.1919060052219321 0.14833948339483394
2 0.6873368146214099 0.8830258302583026 0.1866840731070496 0.14833948339483394
150 0.8746736292428199 0.8833948339483395 0.1906005221932115 0.14760147601476015
44 0.6161879895561357 0.9763837638376384 0.7075718015665796 0.03985239852398524
161 0.09399477806788512 0.9608856088560885 0.0783289817232376 0.05904059040590406
146 0.23890339425587467 0.629520295202952 0.1514360313315927 0.025092250922509225
177 0.7199738903394256 0.36678966789667894 0.17101827676240208 0.0974169741697417
142 0.27023498694516973 0.5040590405904058 0.06266318537859007 0.03837638376383764
142 0.1860313315926893 0.4977859778597786 0.07441253263707572 0.04206642066420664
119 0.22715404699738903 0.422140221402214 0.1122715404699739 0.07527675276752767
133 0.32114882506527415 0.16457564575645756 0.0783289817232376 0.07822878228782287
148 0.8080939947780679 0.12841328413284134 0.08093994778067885 0.05608856088560885
13 0.816579634464752 0.16125461254612547 0.050913838120104436 0.03468634686346864
13 0.8994778067885117 0.1977859778597786 0.0783289817232376 0.03247232472324723