180 0.3187597911227154 0.22540221402214022 0.05439947780678853 0.05350553505535055
180 0.3394255874673629 0.19756457564575644 0.04787206266318536 0.052583025830258305
180 0.4960835509138381 0.23662730627306272 0.047872062663185326 0.060575645756457595
180 0.5570104438642298 0.23324723247232473 0.05221932114882506 0.052583025830258305
180 0.6842950391644909 0.18296678966789667 0.0587467362924282 0.05473800738007381
96 0.7473890339425587 0.4345018450184502 0.05003916449086152 0.03874538745387454
101 0.2784986945169713 0.33686346863468636 0.06527415143603134 0.0544280442804428
39 0.7158355091383812 0.26168265682656827 0.07398172323759801 0.05719557195571956
144 0.23607049608355093 0.6143911439114391 0.15447780678851172 0.0873284132841328
144 0.7647911227154047 0.6100885608856088 0.14578328981723246 0.08856088560885608
140 0.5069582245430809 0.6900369003690037 0.19147519582245426 0.11070110701107011
105 0.4982637075718016 0.12177121771217712 0.17842036553524798 0.13529889298892991
52 0.23390339425587467 0.20049446494464945 0.15447780678851172 0.11070110701107011
52 0.7604438642297651 0.19864944649446495 0.1762402088772846 0.1168487084870849
8 0.3106657963446475 0.881040590405904 0.18804177545691908 0.14197785977859786
2 0.4985639686684073 0.8820073800738006 0.1889817232375979 0.14496678966789656
15 0.6866318537859009 0.8842878228782288 0.19022193211488256 0.14531365313653144
40 0.8754569190600523 0.8825313653136531 0.19550913838120104 0.14391143911439114
170 0.09464751958224543 0.959409594095941 0.08050913838120105 0.06396309963099636
44 0.29699738903394257 0.9643321033210333 0.06309399477806786 0.03197785977859773
185 0.23744125326370757 0.12546125461254612 0.15828981723237598 0.027675276752767528
185 0.7620757180156658 0.12500369003690037 0.1566579634464752 0.02859778597785978
146 0.23988250652741513 0.6277712177121771 0.15339425587467362 0.024907749077490774
146 0.7645300261096606 0.6282287822878229 0.14849869451697129 0.027675276752767528
158 0.23607049608355093 0.17466420664206642 0.0674543080939948 0.03935793357933578
158 0.7560966057441253 0.17712177121771217 0.07180156657963446 0.0393579335793358