44 0.6181462140992167 0.9767527675276753 0.706266318537859 0.04059040590405904
160 0.31201044386422977 0.8822878228782288 0.1906005221932115 0.14686346863468636
150 0.4993472584856397 0.8845018450184502 0.18407310704960836 0.14391143911439114
2 0.6873368146214099 0.8833948339483395 0.1866840731070496 0.14464944649446496
51 0.8740208877284595 0.8837638376383764 0.18929503916449086 0.14833948339483394
170 0.09530026109660575 0.9612546125461254 0.0835509138381201 0.05977859778597786
144 0.24151436031331594 0.6132841328413284 0.14882506527415143 0.08708487084870849
144 0.7617493472584856 0.6125461254612546 0.15013054830287206 0.08856088560885608
146 0.2402088772845953 0.6291512915129152 0.14882506527415143 0.024354243542435424
146 0.7610966057441253 0.6280442804428045 0.1514360313315927 0.023616236162361623
140 0.5058746736292428 0.6892988929889299 0.18929503916449086 0.11070110701107011
52 0.24086161879895562 0.20184501845018452 0.12924281984334204 0.08487084870848709
52 0.7637075718015666 0.2025830258302583 0.12532637075718014 0.08634686346863468
185 0.762402088772846 0.14797047970479704 0.1462140992167102 0.02730627306273063
185 0.24086161879895562 0.14760147601476015 0.1475195822454308 0.026568265682656828
105 0.4960835509138381 0.11992619926199262 0.1906005221932115 0.12472324723247233
5 0.304177545691906 0.45842804428044276 0.1227154046997389 0.0651955719557195
97 0.7558746736292428 0.4623616236162362 0.09138381201044386 0.07158671586715867
136 0.22258485639686684 0.22841328413284132 0.07963446475195822 0.043542435424354244
173 0.26631853785900783 0.41217712177121774 0.16449086161879894 0.09667896678966789
135 0.7258485639686684 0.5011070110701107 0.07571801566579635 0.06199261992619926
132 0.5248041775456919 0.2701107011070111 0.10443864229765012 0.06937269372693727
74 0.5215404699738904 0.5638376383763838 0.2780678851174935 0.12693726937269373
138 0.587467362924282 0.5789667896678967 0.07049608355091384 0.03025830258302583
136 0.18080939947780678 0.23800738007380073 0.08746736292428199 0.05092250922509225