3 0.094177545691906 0.9615202952029519 0.0801958224543081 0.06115129151291522
15 0.30958224543080937 0.8824428044280443 0.19022193211488256 0.14760147601476015
128 0.49887728459530023 0.8834981549815499 0.18836814621409917 0.14760147601476015
8 0.6881723237597911 0.8845535055350553 0.19022193211488256 0.14971217712177132
40 0.877467362924282 0.8834981549815499 0.195822454308094 0.14971217712177132
139 0.4979503916449086 0.7601476014760148 0.21261096605744126 0.03373431734317346
52 0.2377806788511749 0.19820664206642066 0.16971279373368145 0.11808118081180811
52 0.7581070496083552 0.1971512915129151 0.16225848563968664 0.11597047970479704
146 0.2368537859007833 0.6288856088560886 0.1529242819843342 0.028464944649446447
146 0.7627806788511748 0.6288856088560886 0.14920365535248037 0.02635424354243545
144 0.2377806788511749 0.6157121771217712 0.14733681462140993 0.09067158671586709
144 0.7599738903394255 0.616760147601476 0.14360313315926893 0.08856088560885608
140 0.49887728459530023 0.6895129151291512 0.199556135770235 0.1117564575645757
17 0.20608355091383815 0.3094391143911439 0.08392950391644911 0.07274538745387457
100 0.7217493472584856 0.29467896678966793 0.12309399477806784 0.06853136531365314
195 0.6639295039164491 0.13284132841328414 0.2312532637075718 0.10753505535055354
13 0.08485639686684072 0.10595571955719557 0.05035248041775456 0.03057564575645757
13 0.1118929503916449 0.13389667896678967 0.03356396866840732 0.02952029520295203
13 0.19489556135770233 0.14865682656826568 0.06900783289817235 0.02740959409594095
13 0.1370757180156658 0.0917269372693727 0.0801958224543081 0.02740959409594097
20 0.8373759791122715 0.19346125461254612 0.055953002610965925 0.06430996309963098
100 0.3105221932114883 0.1449667896678967 0.09511749347258487 0.06853136531365314
185 0.2387206266318538 0.11702583025830257 0.14546997389033944 0.02530627306273064
185 0.7609138381201045 0.11650184501845019 0.14920365535248037 0.02635424354243541
28 0.2368537859007833 0.17606642066420664 0.11189295039164489 0.06115129151291514
28 0.7543864229765013 0.17764575645756459 0.0988381201044387 0.047446494464944665
44 0.6168407310704961 0.9760147601476015 0.7049608355091384 0.03874538745387454