145 0.2402088772845953 0.6202952029520296 0.1514360313315927 0.07749077490774908
144 0.762402088772846 0.611439114391144 0.1514360313315927 0.08929889298892989
146 0.7630548302872062 0.6280442804428045 0.15013054830287206 0.023616236162361623
140 0.5078328981723238 0.6878228782287823 0.185378590078329 0.11365313653136531
44 0.6181462140992167 0.9767527675276753 0.7088772845953003 0.04206642066420664
129 0.09530026109660575 0.9619926199261992 0.0783289817232376 0.05977859778597786
51 0.30809399477806787 0.8822878228782288 0.185378590078329 0.14686346863468636
169 0.4993472584856397 0.8826568265682657 0.1866840731070496 0.14612546125461254
2 0.6879895561357703 0.8822878228782288 0.1906005221932115 0.14538745387453875
40 0.8772845953002611 0.8822878228782288 0.18798955613577023 0.14538745387453875
52 0.2402088772845953 0.20184501845018452 0.1227154046997389 0.08782287822878229
52 0.7637075718015666 0.2011070110701107 0.1227154046997389 0.08634686346863468
185 0.7617493472584856 0.14649446494464943 0.1475195822454308 0.025830258302583026
158 0.2310704960835509 0.1797047970479705 0.06527415143603134 0.043542435424354244
158 0.7526109660574413 0.18044280442804428 0.07180156657963446 0.045018450184501846
105 0.4980417754569191 0.12103321033210332 0.18929503916449086 0.12398523985239852
185 0.2402088772845953 0.14649446494464943 0.14882506527415143 0.02730627306273063
83 0.7930809399477807 0.4826568265682657 0.08746736292428199 0.06346863468634686
10 0.2800261096605744 0.5704870848708486 0.08485639686684072 0.05164575645756459
87 0.7199738903394256 0.1099630996309963 0.14490861618798956 0.09446494464944649
19 0.5234986945169713 0.25350553505535056 0.12532637075718014 0.1099630996309963
57 0.664490861618799 0.2649446494464945 0.1174934725848564 0.1033210332103321
180 0.7480417754569191 0.36125461254612545 0.06266318537859007 0.05830258302583026
180 0.75 0.27158671586715866 0.06135770234986945 0.05461254612546126
126 0.3244125326370757 0.18265682656826568 0.07963446475195822 0.04944649446494465
180 0.6795039164490861 0.2022140221402214 0.05352480417754569 0.05608856088560885
87 0.3263707571801567 0.3018450184501845 0.1227154046997389 0.09151291512915129