144 0.239556135770235 0.6149963099630996 0.14490861618798956 0.09225092250922509
143 0.70822454308094 0.4062730627306273 0.13968668407310705 0.07158671586715867
170 0.09530026109660575 0.9619261992619926 0.08093994778067885 0.05669372693726949
160 0.31462140992167104 0.8814169741697416 0.18798955613577023 0.14833948339483394
44 0.6181462140992167 0.976619926199262 0.7088772845953003 0.03911439114391144
2 0.4993472584856397 0.8847380073800738 0.1866840731070496 0.14907749077490776
51 0.6879895561357703 0.8828929889298892 0.1906005221932115 0.14833948339483394
8 0.8753263707571801 0.8821549815498154 0.1814621409921671 0.14538745387453875
144 0.7630548302872062 0.6105682656826569 0.14490861618798956 0.08634686346863468
146 0.762402088772846 0.6293874538745388 0.1462140992167102 0.023616236162361623
105 0.5026109660574413 0.12250922509225093 0.2010443864229765 0.12398523985239852
52 0.23302872062663185 0.2007380073800738 0.13968668407310705 0.09003690036900369
52 0.7558746736292428 0.2011070110701107 0.14360313315926893 0.08929889298892989
158 0.23172323759791122 0.17822878228782288 0.07180156657963446 0.03911439114391144
158 0.7552219321148825 0.17822878228782288 0.07441253263707572 0.037638376383763834
185 0.24151436031331594 0.14354243542435424 0.1462140992167102 0.024354243542435424
140 0.5065274151436031 0.6892988929889299 0.185378590078329 0.11070110701107011
142 0.7010443864229765 0.3712177121771218 0.06266318537859007 0.03690036900369004
142 0.7421671018276762 0.36051660516605166 0.06135770234986945 0.03468634686346864
142 0.7003916449086162 0.34243542435424357 0.0587467362924282 0.042804428044280446
136 0.25783289817232374 0.23690036900369005 0.07963446475195822 0.03837638376383764
171 0.6546997389033943 0.25055350553505534 0.15535248041775457 0.0996309963099631
136 0.2591383812010444 0.25571955719557193 0.08746736292428199 0.05239852398523985
146 0.239556135770235 0.6280442804428045 0.1475195822454308 0.023616236162361623
111 0.39490861618798956 0.6287822878228783 0.1814621409921671 0.10627306273062731
185 0.7637075718015666 0.14317343173431735 0.1462140992167102 0.025092250922509225