52 0.7647911227154047 0.19864944649446495 0.16753263707571792 0.1168487084870849
52 0.23390339425587467 0.20049446494464945 0.15447780678851172 0.11070110701107011
180 0.1718798955613577 0.4797121771217712 0.05657963446475194 0.05658302583025836
180 0.7452088772845954 0.45940959409594095 0.06309399477806779 0.055350553505535055
144 0.23607049608355093 0.6143911439114391 0.15447780678851172 0.0873284132841328
144 0.7647911227154047 0.6100885608856088 0.14578328981723246 0.08856088560885608
140 0.5069582245430809 0.6900369003690037 0.19147519582245426 0.11070110701107011
105 0.4982637075718016 0.12177121771217712 0.17842036553524798 0.13529889298892991
8 0.3106657963446476 0.881040590405904 0.19550913838120107 0.14197785977859786
2 0.4985639686684073 0.8830553505535055 0.1889817232375979 0.14285608856088572
15 0.6875587467362924 0.8837638376383764 0.18836814621409917 0.14636900369003686
40 0.8754569190600523 0.8814760147601477 0.19177545691906017 0.1460221402214023
170 0.09464751958224543 0.959409594095941 0.08050913838120105 0.06396309963099636
44 0.29699738903394257 0.9643321033210333 0.06309399477806786 0.03197785977859773
180 0.8387728459530026 0.47109963099630997 0.0587467362924282 0.049202952029520346
80 0.22409921671018276 0.5645756457564576 0.06091383812010447 0.03690036900369004
96 0.25347258485639684 0.4317343173431734 0.0500391644908616 0.04182287822878234
71 0.756083550913838 0.3548560885608856 0.04569190600522193 0.057808118081180845
185 0.24070496083550913 0.12177121771217712 0.1463185378590078 0.02952029520295203
185 0.7626240208877284 0.12484870848708486 0.15013054830287206 0.02828782287822877
146 0.2393342036553525 0.6285387453874538 0.14360313315926893 0.02214022140221402
146 0.76588772845953 0.6291512915129152 0.14360313315926893 0.020907749077490722
174 0.29155352480417757 0.3247232472324723 0.05657963446475193 0.03690036900369004
174 0.6200652741514361 0.38061254612546125 0.038511749347258484 0.035549815498154995
174 0.7190600522193211 0.32818450184501846 0.055704960835509236 0.031202952029520274
174 0.39381201044386427 0.37822878228782286 0.04351174934725854 0.0381328413284133
174 0.6723237597911227 0.37822878228782286 0.030469973890339393 0.04059040590405904
39 0.28067885117493474 0.2945830258302583 0.06963446475195827 0.055350553505535055
174 0.7125848563968669 0.3567011070110701 0.05003916449086152 0.03935793357933582
180 0.41557441253263705 0.07441328413284133 0.056566579634464806 0.05780811808118082
158 0.23607049608355093 0.17588929889298893 0.06309399477806786 0.0418228782287823
158 0.7571801566579635 0.17650922509225092 0.06527415143603134 0.04304797047970479