52 0.7620757180156658 0.19695940959409594 0.17297650130548303 0.11715867158671586
52 0.23907310704960835 0.19603690036900367 0.1843994778067885 0.12084870848708487
180 0.36977806788511747 0.13100369003690035 0.057219321148825115 0.049107011070110715
96 0.28476501305483026 0.09892250922509224 0.07016971279373369 0.047557195571955715
101 0.678864229765013 0.20292250922509222 0.0587467362924282 0.059114391143911454
144 0.2423368146214099 0.6102435424354243 0.14197127937336815 0.09686346863468635
105 0.5009791122715405 0.12039114391143911 0.195822454308094 0.12453874538745388
140 0.5042428198433421 0.690959409594096 0.19908616187989556 0.11992619926199262
39 0.2741514360313316 0.3194760147601476 0.0685378590078329 0.05661254612546128
44 0.2986292428198433 0.966789667896679 0.06527415143603134 0.02952029520295203
170 0.09383812010443864 0.9589520295202952 0.07996083550913838 0.06365313653136531
8 0.3116840731070496 0.882649446494465 0.192088772845953 0.14430996309963096
2 0.4986422976501305 0.8811291512915129 0.19302872062663187 0.14549077490774898
15 0.6871279373368147 0.8829077490774907 0.19092689295039164 0.147468634686347
40 0.8752610966057441 0.8839630996309963 0.1960574412532638 0.14720295202952033
145 0.7661618798955614 0.6176236162361624 0.14197127937336815 0.08210332103321033
180 0.37197127937336816 0.10670848708487085 0.05591383812010449 0.04637638376383763
80 0.6454046997389034 0.6219778597785978 0.06364229765013055 0.043881918819188216
80 0.6788903394255874 0.6020369003690037 0.04707571801566573 0.03748339483394831
80 0.20224543080939947 0.4151439114391144 0.04723237597911228 0.036523985239852404
80 0.2545822454308094 0.4064944649446494 0.056253263707571846 0.04223616236162363
80 0.19971279373368145 0.36473800738007384 0.06451697127937339 0.03761623616236164
180 0.6836422976501305 0.5348191881918819 0.04723237597911228 0.04440590405904064
180 0.4095953002610966 0.09773431734317344 0.0391644908616188 0.04438376383763837
80 0.2137728459530026 0.3839778597785978 0.04569190600522193 0.03279704797047975
64 0.8240861618798956 0.2208929889298893 0.0489556135770235 0.056361623616236166
64 0.8436684073107049 0.18360147601476015 0.0391644908616188 0.04239114391143911
174 0.7327023498694517 0.4967084870848708 0.05548302872062663 0.036095940959409656
146 0.23714099216710183 0.6273062730627307 0.14785900783289815 0.0244428044280442
139 0.4993733681462141 0.7585977859778599 0.20644908616187987 0.03627306273062737
185 0.21550913838120106 0.1238081180811808 0.104621409921671 0.025232472324723247
185 0.7609268929503916 0.12459040590405904 0.15204960835509143 0.02681180811808117
158 0.23607049608355093 0.17712177121771217 0.0674543080939948 0.04182287822878228
158 0.7560966057441253 0.1765092250922509 0.07614882506527405 0.04059040590405902