159 0.4301566579634465 0.3033210332103321 0.304177545691906 0.14169741697416974
44 0.6176631853785901 0.9760147601476015 0.7065926892950392 0.04059040590405904
8 0.3113577023498694 0.8822140221402215 0.1866840731070496 0.14819926199261987
51 0.5 0.8821476014760147 0.18798955613577023 0.14833948339483394
169 0.8746736292428199 0.8817785977859778 0.18798955613577023 0.14907749077490776
144 0.23890339425587467 0.6101918819188191 0.14882506527415143 0.08708487084870849
144 0.762402088772846 0.6109298892988929 0.1462140992167102 0.08560885608856089
146 0.23825065274151436 0.6242140221402214 0.1475195822454308 0.023616236162361623
105 0.5019582245430809 0.11918819188191881 0.15274151436031333 0.12029520295202951
53 0.23563968668407312 0.222140221402214 0.14490861618798956 0.07232472324723248
52 0.7597911227154047 0.2011070110701107 0.1279373368146214 0.08634686346863468
185 0.7617493472584856 0.14686346863468636 0.1475195822454308 0.025092250922509225
129 0.09399477806788512 0.9618081180811808 0.08093994778067885 0.05830258302583026
158 0.7565274151436031 0.17712177121771217 0.07180156657963446 0.03985239852398524
146 0.7617493472584856 0.6250922509225092 0.1475195822454308 0.02214022140221402
54 0.23825065274151436 0.12841328413284134 0.11357702349869452 0.07084870848708487
143 0.2898172323759791 0.3051660516605166 0.13054830287206268 0.07158671586715867
147 0.21866840731070497 0.24723247232472326 0.07702349869451697 0.08708487084870849
142 0.1618798955613577 0.24206642066420664 0.06005221932114883 0.03985239852398524
142 0.20365535248041775 0.2523985239852399 0.05483028720626632 0.035424354243542434
142 0.26109660574412535 0.25535055350553504 0.05483028720626632 0.03690036900369004
140 0.5 0.6856088560885609 0.14882506527415143 0.1047970479704797
150 0.6879895561357703 0.8814095940959409 0.185378590078329 0.14833948339483394