159 0.6664490861618799 0.5387453874538746 0.2963446475195822 0.14169741697416974
49 0.8387728459530026 0.5878228782287823 0.048302872062663184 0.03468634686346864
44 0.6168407310704961 0.9763837638376384 0.706266318537859 0.041328413284132844
151 0.09530026109660575 0.9616236162361623 0.08093994778067885 0.057564575645756455
15 0.31266318537859006 0.8819188191881919 0.18929503916449086 0.14760147601476015
2 0.5 0.8830258302583026 0.18798955613577023 0.14833948339483394
128 0.6873368146214099 0.8837638376383764 0.1866840731070496 0.14981549815498155
8 0.8753263707571801 0.8819188191881919 0.18929503916449086 0.14907749077490776
140 0.5058746736292428 0.688929889298893 0.1866840731070496 0.11143911439114391
144 0.2402088772845953 0.6118081180811809 0.14882506527415143 0.08708487084870849
144 0.7630548302872062 0.6125461254612546 0.15013054830287206 0.08856088560885608
146 0.239556135770235 0.6287822878228783 0.1475195822454308 0.025092250922509225
146 0.7610966057441253 0.6284132841328414 0.14882506527415143 0.024354243542435424
52 0.239556135770235 0.2022140221402214 0.12402088772845953 0.08708487084870849
52 0.7630548302872062 0.2022140221402214 0.12663185378590078 0.08708487084870849
158 0.23302872062663185 0.18081180811808117 0.07180156657963446 0.04428044280442804
158 0.7539164490861618 0.18081180811808117 0.07180156657963446 0.045756457564575644
105 0.4980417754569191 0.11992619926199262 0.1866840731070496 0.12619926199261994
112 0.7885117493472585 0.46457564575645754 0.0783289817232376 0.061254612546125464
166 0.3002610966057441 0.45461254612546126 0.11488250652741515 0.1077490774907749
143 0.5815926892950392 0.5070110701107011 0.12924281984334204 0.07675276752767528
185 0.762402088772846 0.14649446494464943 0.14882506527415143 0.02730627306273063
185 0.23890339425587467 0.14797047970479704 0.14882506527415143 0.02730627306273063
46 0.7232375979112271 0.5501845018450184 0.14360313315926893 0.08634686346863468
147 0.38903394255874674 0.47675276752767526 0.0835509138381201 0.1003690036900369
72 0.5110966057441253 0.35682656826568265 0.12663185378590078 0.07896678966789668