52 0.2584856396866841 0.22066420664206643 0.1671018276762402 0.1121771217712177
185 0.2591383812010444 0.15129151291512916 0.14490861618798956 0.025092250922509225
52 0.7441253263707572 0.21955719557195572 0.1671018276762402 0.11439114391143912
105 0.49869451697127937 0.14944649446494465 0.18276762402088773 0.11881918819188192
145 0.24919060052219322 0.6107011070110702 0.13674934725848564 0.04981549815498155
185 0.7454308093994778 0.15129151291512916 0.1409921671018277 0.026568265682656828
145 0.7454308093994778 0.611439114391144 0.1409921671018277 0.04944649446494465
39 0.38446475195822455 0.6079335793357934 0.05026109660574413 0.05719557195571956
180 0.6646605744125327 0.5466789667896679 0.06886422976501305 0.05904059040590406
180 0.36259791122715407 0.5339409594095941 0.05221932114882506 0.04907749077490775
180 0.3945822454308094 0.5519409594095941 0.05613577023498695 0.0533210332103321
180 0.3306135770234987 0.5524870848708487 0.057441253263707574 0.052583025830258305
180 0.7721932114882507 0.5859778597785977 0.06919060052219321 0.05461254612546126
174 0.6690600522193212 0.5974169741697417 0.04308093994778068 0.04059040590405904
174 0.6377284595300261 0.6125461254612546 0.048302872062663184 0.03837638376383764
174 0.6977806788511749 0.5789667896678967 0.06135770234986945 0.03616236162361624
101 0.34007832898172324 0.5870848708487085 0.0639686684073107 0.05092250922509225
71 0.3426892950391645 0.6173431734317343 0.048302872062663184 0.04649446494464945
116 0.4980417754569191 0.5169741697416974 0.7506527415143603 0.4966789667896679
158 0.2534856396866841 0.20049446494464945 0.06309399477806786 0.04182287822878228
158 0.7386814621409922 0.20171955719557194 0.0587467362924282 0.0393579335793358