145 0.2402088772845953 0.6202952029520296 0.1514360313315927 0.07749077490774908
144 0.762402088772846 0.611439114391144 0.1514360313315927 0.08929889298892989
146 0.7630548302872062 0.6280442804428045 0.15013054830287206 0.023616236162361623
140 0.5078328981723238 0.6878228782287823 0.185378590078329 0.11365313653136531
44 0.6181462140992167 0.9767527675276753 0.7088772845953003 0.04206642066420664
161 0.09530026109660575 0.9619926199261992 0.0783289817232376 0.05977859778597786
128 0.30809399477806787 0.8822878228782288 0.185378590078329 0.14686346863468636
51 0.4993472584856397 0.8826568265682657 0.1866840731070496 0.14612546125461254
2 0.6879895561357703 0.8822878228782288 0.1906005221932115 0.14538745387453875
40 0.8772845953002611 0.8822878228782288 0.18798955613577023 0.14538745387453875
52 0.2402088772845953 0.20184501845018452 0.1227154046997389 0.08782287822878229
52 0.7637075718015666 0.2011070110701107 0.1227154046997389 0.08634686346863468
185 0.7617493472584856 0.14649446494464943 0.1475195822454308 0.025830258302583026
158 0.2310704960835509 0.1797047970479705 0.06527415143603134 0.043542435424354244
158 0.7526109660574413 0.18044280442804428 0.07180156657963446 0.045018450184501846
105 0.4980417754569191 0.12103321033210332 0.18929503916449086 0.12398523985239852
185 0.2402088772845953 0.14649446494464943 0.14882506527415143 0.02730627306273063
83 0.7996083550913838 0.5217712177121772 0.08746736292428199 0.06346863468634686
10 0.32963446475195823 0.5704870848708486 0.09007832898172324 0.04574169741697418
87 0.7199738903394256 0.1099630996309963 0.14490861618798956 0.09446494464944649
19 0.5234986945169713 0.25350553505535056 0.12532637075718014 0.1099630996309963
57 0.664490861618799 0.2649446494464945 0.1174934725848564 0.1033210332103321
180 0.7408616187989556 0.4099630996309963 0.07180156657963446 0.055350553505535055
180 0.7486945169712794 0.3254612546125461 0.06135770234986945 0.06199261992619926
126 0.31070496083550914 0.21881918819188192 0.09138381201044386 0.04649446494464945
180 0.737597911227154 0.23948339483394834 0.06005221932114883 0.05682656826568266
87 0.3263707571801567 0.3018450184501845 0.1227154046997389 0.09151291512915129
137 0.5678851174934726 0.5656826568265683 0.0731070496083551 0.09667896678966789
139 0.4993472584856397 0.7590405904059041 0.21018276762402088 0.033210332103321034