52 0.24151436031331594 0.2014760147601476 0.1227154046997389 0.08560885608856089
52 0.7643603133159269 0.2014760147601476 0.12140992167101827 0.08560885608856089
185 0.239556135770235 0.14723247232472325 0.1475195822454308 0.025830258302583026
185 0.7630548302872062 0.14686346863468636 0.1475195822454308 0.025092250922509225
105 0.49673629242819844 0.12066420664206642 0.18407310704960836 0.12472324723247233
41 0.09464751958224543 0.9616236162361623 0.08224543080939947 0.057564575645756455
44 0.6168407310704961 0.9752767527675277 0.706266318537859 0.04059040590405904
150 0.31201044386422977 0.8819188191881919 0.1906005221932115 0.14612546125461254
15 0.4993472584856397 0.8833948339483395 0.18407310704960836 0.14907749077490776
160 0.6866840731070496 0.8830258302583026 0.18798955613577023 0.14686346863468636
128 0.8753263707571801 0.8822878228782288 0.18929503916449086 0.14833948339483394
144 0.239556135770235 0.6125461254612546 0.15274151436031333 0.08708487084870849
144 0.7630548302872062 0.6121771217712177 0.1475195822454308 0.08782287822878229
146 0.23890339425587467 0.6284132841328414 0.1514360313315927 0.024354243542435424
146 0.762402088772846 0.6284132841328414 0.14882506527415143 0.024354243542435424
140 0.5058746736292428 0.6881918819188192 0.1866840731070496 0.11291512915129151
158 0.2297650130548303 0.181549815498155 0.07049608355091384 0.045756457564575644
158 0.7526109660574413 0.18081180811808117 0.06919060052219321 0.042804428044280446
99 0.741514360313316 0.4025830258302583 0.08616187989556136 0.06568265682656826
182 0.4993472584856397 0.2940959409594096 0.10835509138381201 0.07306273062730627
142 0.7800261096605744 0.45055350553505535 0.06135770234986945 0.043542435424354244
147 0.7271540469973891 0.4398523985239852 0.09660574412532637 0.0929889298892989
135 0.26762402088772846 0.4239852398523985 0.06788511749347259 0.05092250922509225
75 0.8537859007832899 0.11439114391143912 0.12532637075718014 0.1003690036900369
35 0.44843342036553524 0.06715867158671587 0.07963446475195822 0.05904059040590406
71 0.8466057441253264 0.18745387453874537 0.050913838120104436 0.047232472324723246