53 0.2402088772845953 0.21660516605166052 0.1514360313315927 0.07011070110701106
144 0.24608355091383813 0.6081180811808118 0.13185378590078328 0.08413284132841328
144 0.7650130548302873 0.6107011070110702 0.1514360313315927 0.08634686346863468
140 0.5058746736292428 0.6848708487084871 0.1919060052219321 0.11512915129151291
146 0.24347258485639686 0.6273062730627307 0.1475195822454308 0.023616236162361623
146 0.7650130548302873 0.6261992619926199 0.1514360313315927 0.025830258302583026
139 0.5006527415143603 0.7557195571955719 0.21018276762402088 0.03247232472324723
53 0.7571801566579635 0.21845018450184503 0.15926892950391644 0.07232472324723248
106 0.5019582245430809 0.13505535055350554 0.18407310704960836 0.0929889298892989
135 0.7369451697127938 0.23726937269372694 0.08224543080939947 0.06420664206642067
143 0.33093994778067887 0.577490774907749 0.11879895561357702 0.07011070110701106
4 0.4027415143603133 0.1904059040590406 0.27023498694516973 0.13136531365313653
54 0.7610966057441253 0.13136531365313653 0.1174934725848564 0.07084870848708487
54 0.4980417754569191 0.054243542435424355 0.12663185378590078 0.07011070110701106