159 0.7618407310704961 0.47391143911439115 0.30771540469973896 0.13811070110701115
15 0.3114490861618799 0.8819188191881919 0.19022193211488256 0.14654612546125473
128 0.49887728459530023 0.8840295202952029 0.18090078328981715 0.14654612546125473
2 0.6881723237597911 0.8824428044280443 0.19022193211488256 0.14760147601476015
8 0.8737467362924282 0.8829741697416975 0.18836814621409917 0.15076752767527674
151 0.094177545691906 0.9620442804428044 0.0801958224543081 0.057985239852398646
44 0.6182375979112271 0.9762804428044279 0.7068276762402088 0.04216974169741688
140 0.5054046997389033 0.6900369003690037 0.19022193211488256 0.11281180811808128
145 0.2377806788511749 0.6220369003690037 0.15105744125326367 0.07380073800738007
144 0.7627806788511748 0.6125461254612546 0.14920365535248037 0.08645018450184509
146 0.7618407310704961 0.6273062730627307 0.15105744125326376 0.023195571955719606
119 0.7665274151436031 0.3964132841328413 0.08579634464751962 0.08856088560885608
52 0.24151436031331594 0.2024280442804428 0.12868146214099216 0.08856088560885608
52 0.7646344647519583 0.20189667896678967 0.12309399477806784 0.08750553505535057
185 0.23964751958224542 0.14707749077490775 0.14733681462140993 0.02635424354243541
185 0.7646344647519583 0.14760147601476015 0.1454699738903395 0.02530627306273064
158 0.23032637075718015 0.17817712177121772 0.0764621409921671 0.03584501845018452
158 0.7534464751958224 0.17817712177121772 0.07087467362924277 0.03584501845018452
105 0.4979503916449086 0.12124723247232472 0.19022193211488256 0.12651660516605168
147 0.6974934725848564 0.5055350553505535 0.10071801566579638 0.08328413284132835
107 0.5016840731070497 0.031099630996309965 0.20142297650130545 0.03268634686346863
77 0.5529634464751958 0.27305535055350555 0.16225848563968664 0.09066420664206644
119 0.2601697127937337 0.3937785977859779 0.08392950391644911 0.07484870848708489
143 0.2172715404699739 0.525040590405904 0.12494778067885115 0.0780147601476015
142 0.2564360313315927 0.5350553505535055 0.06527415143603134 0.03268634686346861
142 0.3002610966057441 0.526619926199262 0.05967362924281982 0.039011070110701034
148 0.3888511749347259 0.21138745387453875 0.09138381201044386 0.06430996309963098
139 0.49981723237597914 0.7590922509225092 0.20887728459530025 0.03163099630996311