2 0.3125065274151436 0.8823837638376385 0.19419060052219322 0.14852398523985239
52 0.7620757180156658 0.19649446494464945 0.1762402088772846 0.11808118081180811
15 0.4993603133159269 0.8833062730627307 0.18929503916449086 0.1503690036900369
128 0.6878328981723237 0.8833062730627307 0.20071801566579633 0.14852398523985239
150 0.8763054830287206 0.8833062730627307 0.18929503916449086 0.1466789667896679
44 0.6201044386422977 0.9755571955719557 0.7114882506527415 0.043357933579335796
9 0.09301566579634465 0.9598745387453875 0.0881201044386423 0.05996309963099631
144 0.23744125326370757 0.6116236162361623 0.1452349869451697 0.09225092250922509
144 0.7677937336814621 0.6125461254612546 0.12891644908616187 0.08671586715867159
146 0.24070496083550913 0.6282287822878229 0.15176240208877284 0.023985239852398525
146 0.7620757180156658 0.6282287822878229 0.15339425587467362 0.027675276752767528
140 0.5058746736292428 0.6877343173431735 0.18929503916449086 0.11162361623616236
139 0.4985378590078329 0.7596900369003691 0.21050913838120106 0.03413284132841329
53 0.24151436031331594 0.21678966789667897 0.15013054830287206 0.07380073800738007
185 0.7628981723237598 0.11624354243542434 0.14849869451697129 0.02952029520295203
28 0.7637075718015666 0.17389667896678968 0.08485639686684072 0.0544280442804428
107 0.4993472584856397 0.02445018450184502 0.20887728459530025 0.03413284132841329
105 0.5001697127937337 0.12039114391143911 0.19092689295039164 0.11531365313653137
147 0.7792167101827676 0.2492619926199262 0.0858355091383812 0.09446494464944649
10 0.235 0.29492988929889297 0.058093994778067884 0.048892988929889296
17 0.2740078328981723 0.3135719557195572 0.09693211488250653 0.06845018450184502
13 0.7664882506527415 0.46826568265682655 0.04993472584856397 0.03468634686346864
13 0.8134856396866841 0.45618450184501846 0.07800261096605744 0.02859778597785978
13 0.8005874673629243 0.4033210332103321 0.05613577023498695 0.032103321033210334
13 0.7488642297650131 0.4440959409594096 0.05254569190600522 0.034317343173431734
13 0.808420365535248 0.42647970479704794 0.03981723237597911 0.028228782287822878
20 0.8253916449086162 0.26983763837638375 0.05613577023498695 0.06254612546125461
100 0.3244125326370757 0.22472324723247233 0.097911227154047 0.07158671586715867