147 0.25946475195822455 0.22232472324723246 0.0881201044386423 0.08118081180811808
2 0.3116971279373368 0.8814612546125462 0.18929503916449086 0.14852398523985239
15 0.5001697127937337 0.8833062730627307 0.18766318537859009 0.1503690036900369
128 0.6878328981723237 0.8833062730627307 0.20071801566579633 0.14852398523985239
150 0.8763054830287206 0.8833062730627307 0.18929503916449086 0.1466789667896679
44 0.6201044386422977 0.9755571955719557 0.7114882506527415 0.043357933579335796
9 0.09301566579634465 0.9598745387453875 0.0881201044386423 0.05996309963099631
144 0.23744125326370757 0.6116236162361623 0.1452349869451697 0.09225092250922509
144 0.7677937336814621 0.6125461254612546 0.12891644908616187 0.08671586715867159
146 0.24070496083550913 0.6282287822878229 0.15176240208877284 0.023985239852398525
146 0.7620757180156658 0.6282287822878229 0.15339425587467362 0.027675276752767528
138 0.332088772845953 0.6134686346863468 0.06690600522193212 0.03690036900369004
140 0.5058746736292428 0.6877343173431735 0.18929503916449086 0.11162361623616236
139 0.4985378590078329 0.7596900369003691 0.21050913838120106 0.03413284132841329
135 0.7049608355091384 0.5687306273062731 0.06527415143603134 0.052583025830258305
52 0.7620757180156658 0.19649446494464945 0.1762402088772846 0.11808118081180811
53 0.24151436031331594 0.21678966789667897 0.15013054830287206 0.07380073800738007
185 0.7628981723237598 0.11762361623616235 0.14849869451697129 0.026752767527675275
28 0.7637075718015666 0.17389667896678968 0.08485639686684072 0.0544280442804428
142 0.31821148825065276 0.17435424354243542 0.06527415143603134 0.03874538745387454
142 0.40715404699738905 0.18173431734317344 0.06364229765013055 0.04059040590405904
136 0.31413838120104437 0.14806642066420664 0.04406005221932115 0.03228782287822878
142 0.3663577023498694 0.1711291512915129 0.06364229765013055 0.03782287822878229
107 0.4993472584856397 0.02445018450184502 0.20887728459530025 0.03413284132841329
105 0.5001697127937337 0.12039114391143911 0.19092689295039164 0.11531365313653137
147 0.6641644908616188 0.6752767527675276 0.10117493472584857 0.05904059040590406
135 0.4095953002610966 0.1582140221402214 0.08159268929503917 0.06365313653136531
159 0.4781331592689295 0.281830258302583 0.31657963446475196 0.1411439114391144