40 0.3125065274151436 0.8788782287822879 0.19092689295039164 0.1411439114391144
159 0.2402088772845953 0.32730627306273063 0.31070496083550914 0.13800738007380073
15 0.6870104438642297 0.8823837638376385 0.1860313315926893 0.1466789667896679
2 0.8763054830287206 0.8828413284132841 0.18276762402088773 0.14760147601476015
150 0.495757180156658 0.8833062730627307 0.1866840731070496 0.1466789667896679
170 0.09383812010443864 0.9515719557195573 0.07996083550913838 0.03782287822878229
144 0.23988250652741513 0.6134686346863468 0.15339425587467362 0.09040590405904059
144 0.761266318537859 0.6157785977859779 0.1452349869451697 0.08763837638376384
146 0.2423368146214099 0.6277712177121771 0.15176240208877284 0.024907749077490774
146 0.7637075718015666 0.6277712177121771 0.15013054830287206 0.026752767527675275
107 0.5 0.023985239852398525 0.20887728459530025 0.03468634686346864
105 0.5006527415143603 0.12066420664206642 0.1866840731070496 0.12029520295202951
52 0.7610966057441253 0.1970479704797048 0.17232375979112272 0.11955719557195572
28 0.7630548302872062 0.1752767527675277 0.08224543080939947 0.05830258302583026
185 0.7637075718015666 0.11771217712177122 0.1514360313315927 0.028782287822878228
53 0.23825065274151436 0.2140221402214022 0.15796344647519583 0.07380073800738007
140 0.5078328981723238 0.6863468634686347 0.1906005221932115 0.11660516605166052
139 0.49738903394255873 0.7590405904059041 0.21148825065274152 0.033210332103321034
44 0.6207571801566579 0.9752767527675277 0.7088772845953003 0.04206642066420664
143 0.2845953002610966 0.27527675276752767 0.1227154046997389 0.07380073800738007
147 0.7258485639686684 0.4571955719557196 0.08093994778067885 0.06420664206642067
135 0.22519582245430808 0.27490774907749077 0.05352480417754569 0.04206642066420664
142 0.1821148825065274 0.35166051660516606 0.06135770234986945 0.03616236162361624
142 0.23302872062663185 0.35387453874538743 0.05613577023498695 0.045018450184501846
142 0.2160574412532637 0.32250922509225094 0.07180156657963446 0.03247232472324723
100 0.283289817232376 0.15129151291512916 0.11488250652741515 0.06346863468634686