144 0.2423368146214099 0.6134686346863468 0.14849869451697129 0.08856088560885608
52 0.7620757180156658 0.19557195571955718 0.17297650130548303 0.11623616236162361
52 0.24151436031331594 0.19557195571955718 0.1664490861618799 0.11439114391143912
96 0.23907310704960835 0.5373579335793358 0.057114882506527416 0.03782287822878229
96 0.22112271540469974 0.5189077490774908 0.05385117493472585 0.035977859778597784
80 0.7008877284595301 0.5885608856088561 0.04406005221932115 0.046125461254612546
180 0.7261749347258486 0.4806273062730627 0.05221932114882506 0.02952029520295203
180 0.820822454308094 0.47878228782287824 0.0587467362924282 0.04981549815498155
180 0.797976501305483 0.4589520295202952 0.0489556135770235 0.0507380073800738
174 0.7400522193211488 0.46171955719557195 0.04406005221932115 0.03413284132841329
80 0.233355091383812 0.35793357933579334 0.05221932114882506 0.04059040590405904
80 0.1852219321148825 0.3625461254612546 0.057114882506527416 0.04059040590405904
80 0.20154046997389033 0.33579335793357934 0.060378590078328985 0.027675276752767528
80 0.19909921671018277 0.31365313653136534 0.0587467362924282 0.03690036900369004
39 0.28476501305483026 0.26614760147601474 0.07343342036553525 0.0507380073800738
64 0.8371409921671018 0.17850922509225092 0.04569190600522193 0.048892988929889296
140 0.505065274151436 0.689579335793358 0.19092689295039164 0.10977859778597786
8 0.31343342036553523 0.8823837638376385 0.19139686684073104 0.1466789667896679
2 0.49830287206266316 0.8825756457564576 0.19326370757180153 0.14259040590405908
15 0.6881723237597911 0.8814612546125462 0.18929503916449086 0.1448339483394834
40 0.8766579634464752 0.8820516605166052 0.19185378590078334 0.14364575645756447
170 0.09383812010443864 0.9589520295202952 0.07996083550913838 0.06549815498154982
44 0.2986292428198433 0.9677121771217713 0.0587467362924282 0.027675276752767528
146 0.23988250652741513 0.6282287822878229 0.1468668407310705 0.02029520295202952
185 0.23907310704960835 0.12453874538745388 0.14849869451697129 0.025830258302583026
105 0.4993472584856397 0.11900369003690037 0.19255874673629242 0.12361623616236163
145 0.7645300261096606 0.6143911439114391 0.14849869451697129 0.08856088560885608
180 0.3834856396866841 0.07703321033210332 0.0489556135770235 0.058118081180811805
101 0.6796736292428198 0.14760147601476015 0.057114882506527416 0.05904059040590406
80 0.7318929503916449 0.5719557195571956 0.040796344647519585 0.04797047970479705
185 0.7620757180156658 0.12453874538745388 0.14360313315926893 0.025830258302583026
158 0.23172323759791122 0.17588929889298893 0.0674543080939948 0.0418228782287823
158 0.755 0.17588929889298893 0.06962140992167093 0.0418228782287823