44 0.6257049608355092 0.975749077490775 0.703093994778068 0.04322509225092263
8 0.3133159268929504 0.8834981549815499 0.19395561357702346 0.14760147601476015
15 0.4970104438642297 0.8813948339483395 0.18836814621409917 0.14338745387453872
150 0.6863054830287206 0.8819188191881919 0.19022193211488256 0.14443542435424356
169 0.8737467362924282 0.8834981549815499 0.18836814621409917 0.14760147601476015
129 0.09325065274151437 0.9615202952029519 0.08578328981723235 0.05904059040590406
159 0.3347650130548303 0.5603616236162361 0.31144908616187994 0.1360073800738007
140 0.5044778067885117 0.6879261992619926 0.195822454308094 0.11281180811808111
139 0.49981723237597914 0.7606715867158672 0.20514360313315924 0.030575645756457527
143 0.649934725848564 0.6336383763837639 0.11003916449086157 0.09066420664206636
0 0.2648172323759791 0.5756531365313653 0.05968668407310701 0.04849446494464947
0 0.30958224543080937 0.5740664206642067 0.05967362924281985 0.049549815498155056
0 0.2751044386422976 0.5445461254612546 0.054073107049608375 0.036892988929889306
127 0.6462140992167101 0.4870848708487085 0.06527415143603134 0.05482656826568263
127 0.6919060052219321 0.5007970479704797 0.05967362924281989 0.0548191881918819
127 0.681644908616188 0.47127675276752773 0.06899477806788508 0.05060516605166047
52 0.23964751958224542 0.19609594095940958 0.16971279373368145 0.1201918819188192
52 0.7599738903394255 0.19820664206642066 0.17344647519582232 0.11808118081180811
185 0.7618407310704961 0.12335055350553505 0.15105744125326376 0.02952029520295203
185 0.24151436031331594 0.12440590405904059 0.15105744125326367 0.02740959409594095
31 0.2387206266318538 0.09699630996309963 0.1529242819843342 0.02740959409594095
31 0.7627806788511748 0.0954169741697417 0.14920365535248037 0.02424354243542436
105 0.5026109660574413 0.11861992619926198 0.1846344647519583 0.12546125461254612
145 0.24151436031331594 0.6257343173431734 0.1585248041775457 0.07485608856088566
145 0.7609138381201045 0.6241549815498155 0.14920365535248037 0.06958671586715864
0 0.3338250652741514 0.5550848708487085 0.055953002610966036 0.049549815498155056
4 0.7161488250652742 0.5614095940959409 0.32823759791122725 0.15076752767527674
30 0.24244125326370758 0.17185239852398526 0.07459530026109659 0.05271586715867161
30 0.7618407310704961 0.1707970479704797 0.0690078328981722 0.05482656826568265