145 0.2402088772845953 0.6202952029520296 0.1514360313315927 0.07749077490774908
144 0.762402088772846 0.611439114391144 0.1514360313315927 0.08929889298892989
146 0.7630548302872062 0.6280442804428045 0.15013054830287206 0.023616236162361623
140 0.5078328981723238 0.6878228782287823 0.185378590078329 0.11365313653136531
44 0.6181462140992167 0.9767527675276753 0.7088772845953003 0.04206642066420664
151 0.09530026109660575 0.9619926199261992 0.0783289817232376 0.05977859778597786
8 0.30809399477806787 0.8822878228782288 0.185378590078329 0.14686346863468636
160 0.4993472584856397 0.8826568265682657 0.1866840731070496 0.14612546125461254
51 0.6879895561357703 0.8822878228782288 0.1906005221932115 0.14538745387453875
40 0.8772845953002611 0.8822878228782288 0.18798955613577023 0.14538745387453875
52 0.2402088772845953 0.20184501845018452 0.1227154046997389 0.08782287822878229
52 0.7637075718015666 0.2011070110701107 0.1227154046997389 0.08634686346863468
185 0.7617493472584856 0.14649446494464943 0.1475195822454308 0.025830258302583026
158 0.2310704960835509 0.1797047970479705 0.06527415143603134 0.043542435424354244
158 0.7526109660574413 0.18044280442804428 0.07180156657963446 0.045018450184501846
105 0.4980417754569191 0.12103321033210332 0.18929503916449086 0.12398523985239852
185 0.2402088772845953 0.14649446494464943 0.14882506527415143 0.02730627306273063
83 0.7787206266318538 0.5531365313653136 0.1031331592689295 0.05092250922509225
10 0.5 0.5715940959409594 0.09138381201044386 0.05090774907749079
87 0.7199738903394256 0.1099630996309963 0.14490861618798956 0.09446494464944649
19 0.5234986945169713 0.25350553505535056 0.12532637075718014 0.1099630996309963
57 0.664490861618799 0.2649446494464945 0.1174934725848564 0.1033210332103321
180 0.7473890339425587 0.44095940959409596 0.07180156657963446 0.055350553505535055
180 0.7513054830287206 0.40369003690036903 0.07180156657963446 0.045756457564575644
126 0.260443864229765 0.32730627306273063 0.08224543080939947 0.05092250922509225
180 0.7467362924281984 0.37343173431734317 0.06527415143603134 0.047232472324723246
87 0.3348563968668407 0.30553505535055353 0.13968668407310705 0.0988929889298893
137 0.6795039164490861 0.5077490774907749 0.12924281984334204 0.1018450184501845
139 0.4993472584856397 0.7590405904059041 0.21018276762402088 0.033210332103321034
142 0.16775456919060053 0.5339483394833948 0.05613577023498695 0.037638376383763834
142 0.21997389033942558 0.5361623616236162 0.06919060052219321 0.037638376383763834
142 0.18994778067885118 0.5118081180811808 0.05352480417754569 0.02730627306273063
147 0.5398172323759791 0.5118081180811808 0.10835509138381201 0.08044280442804429