159 0.5228459530026109 0.13985239852398523 0.2989556135770235 0.13800738007380073
53 0.7513054830287206 0.22287822878228783 0.15274151436031333 0.07232472324723248
140 0.5058746736292428 0.6830258302583025 0.18407310704960836 0.1099630996309963
144 0.2454308093994778 0.6107011070110702 0.14882506527415143 0.08634686346863468
145 0.7539164490861618 0.6228782287822878 0.15535248041775457 0.07527675276752767
146 0.24804177545691905 0.625830258302583 0.1514360313315927 0.025092250922509225
53 0.2454308093994778 0.22140221402214022 0.1514360313315927 0.07232472324723248
54 0.8453002610966057 0.2856088560885609 0.1031331592689295 0.06199261992619926
106 0.49869451697127937 0.14981549815498155 0.18798955613577023 0.09446494464944649
139 0.4980417754569191 0.7527675276752768 0.20496083550913838 0.03394833948339483
138 0.7467362924281984 0.5247232472324723 0.0731070496083551 0.035424354243542434
54 0.6977806788511749 0.24354243542435425 0.1031331592689295 0.06346863468634686