8 0.3125065274151436 0.8809963099630996 0.19092689295039164 0.14944649446494465
2 0.5001697127937337 0.8823837638376385 0.19419060052219322 0.14852398523985239
15 0.6878328981723237 0.8823837638376385 0.19092689295039164 0.1448339483394834
40 0.8730548302872062 0.8810036900369004 0.19255874673629242 0.14575645756457564
44 0.6168407310704961 0.9760147601476015 0.7049608355091384 0.03874538745387454
170 0.09383812010443864 0.9607970479704798 0.07996083550913838 0.061808118081180814
144 0.23874673629242818 0.6143911439114391 0.15502610966057442 0.08376383763837639
145 0.7604438642297651 0.6269372693726937 0.15796344647519583 0.07306273062730627
139 0.49869451697127937 0.7597785977859779 0.21148825065274152 0.033210332103321034
140 0.4980417754569191 0.6896678966789668 0.20757180156657964 0.1099630996309963
80 0.16090078328981725 0.21457564575645757 0.05613577023498695 0.03616236162361624
80 0.14980417754569192 0.2418819188191882 0.057441253263707574 0.04428044280442804
80 0.14947780678851175 0.19280442804428044 0.05613577023498695 0.037638376383763834
80 0.1987597911227154 0.2440959409594096 0.0587467362924282 0.04428044280442804
39 0.39490861618798956 0.11236162361623617 0.05026109660574413 0.05498154981549815
174 0.8397519582245431 0.06143911439114391 0.04960835509138381 0.04059040590405904
174 0.7748041775456919 0.08874538745387454 0.04960835509138381 0.03911439114391144
180 0.6751044386422976 0.5481549815498155 0.06886422976501305 0.05608856088560885
64 0.7452741514360314 0.41152767527675277 0.04275456919060052 0.0514760147601476
64 0.7315665796344647 0.3751881918819188 0.040796344647519585 0.047785977859778596
180 0.2757832898172324 0.3320959409594096 0.05613577023498695 0.036531365313653134
180 0.25946475195822455 0.3851512915129151 0.06005221932114883 0.0533210332103321
180 0.28492167101827676 0.3598671586715867 0.057441253263707574 0.045202952029520294
180 0.7878590078328982 0.5892988929889299 0.06919060052219321 0.05682656826568266
52 0.24281984334203655 0.1970479704797048 0.1671018276762402 0.11808118081180811
52 0.762402088772846 0.196309963099631 0.1671018276762402 0.11808118081180811
105 0.5026109660574413 0.12066420664206642 0.18276762402088773 0.12177121771217712
185 0.24151436031331594 0.12546125461254612 0.14882506527415143 0.025092250922509225
185 0.7604438642297651 0.12472324723247233 0.15274151436031333 0.026568265682656828
80 0.26566579634464754 0.5627306273062731 0.05352480417754569 0.028782287822878228
80 0.31723237597911225 0.5789667896678967 0.06527415143603134 0.045018450184501846
180 0.6997389033942559 0.5845018450184502 0.057441253263707574 0.057564575645756455
174 0.6462140992167101 0.6682656826568266 0.044386422976501305 0.04206642066420664
101 0.7473890339425587 0.4616236162361624 0.0639686684073107 0.05387453874538745
64 0.7761096605744126 0.38302583025830256 0.04046997389033943 0.05461254612546126
146 0.23890339425587467 0.6291512915129152 0.1514360313315927 0.024354243542435424
96 0.2774151436031332 0.3129151291512915 0.06135770234986945 0.03394833948339483
158 0.23716710182767622 0.17773431734317346 0.0783289817232376 0.04059040590405906
158 0.755 0.17588929889298893 0.0783289817232376 0.0418228782287823