2 0.3125065274151436 0.8814612546125462 0.18766318537859009 0.14852398523985239
8 0.5001697127937337 0.8814612546125462 0.19092689295039164 0.14852398523985239
160 0.6899477806788512 0.8819188191881919 0.18929503916449086 0.14760147601476015
51 0.8746736292428199 0.8819188191881919 0.18276762402088773 0.14760147601476015
151 0.09464751958224543 0.9612546125461254 0.08485639686684072 0.05719557195571956
44 0.6168407310704961 0.976479704797048 0.7114882506527415 0.03966789667896679
144 0.2410313315926893 0.6130996309963099 0.14849869451697129 0.08487084870848709
144 0.7622454308093994 0.6112546125461255 0.1491514360313316 0.08597785977859779
140 0.505065274151436 0.6872693726937269 0.19092689295039164 0.11254612546125461
52 0.2327023498694517 0.1992619926199262 0.13838120104438642 0.09225092250922509
52 0.755065274151436 0.19972693726937268 0.14131853785900783 0.09132841328413284
185 0.23988250652741513 0.14428044280442803 0.1468668407310705 0.025092250922509225
185 0.7637075718015666 0.14391143911439114 0.1468668407310705 0.023985239852398525
27 0.21638381201044388 0.18874538745387454 0.1077023498694517 0.06088560885608856
27 0.7390731070496084 0.1881918819188192 0.1054177545691906 0.06420664206642067
105 0.5034334203655353 0.12177121771217712 0.19745430809399478 0.12361623616236163
146 0.239556135770235 0.6284132841328414 0.1475195822454308 0.022878228782287822
146 0.7617493472584856 0.6284132841328414 0.1475195822454308 0.021402214022140223
123 0.38446475195822455 0.4317343173431734 0.09530026109660575 0.11660516605166052
22 0.2859007832898172 0.3003690036900369 0.11488250652741515 0.08265682656826569
143 0.35966057441253263 0.47638376383763836 0.15274151436031333 0.07601476014760147
136 0.21409921671018275 0.3804428044280443 0.09399477806788512 0.04797047970479705
68 0.44451697127937334 0.3243542435424354 0.097911227154047 0.06863468634686347
26 0.7016971279373369 0.3059040590405904 0.097911227154047 0.07601476014760147
147 0.5887728459530026 0.5597785977859778 0.10182767624020887 0.05977859778597786
138 0.7173629242819843 0.6944649446494465 0.06657963446475196 0.03394833948339483
136 0.27154046997389036 0.4118081180811808 0.0835509138381201 0.03985239852398524
142 0.2859007832898172 0.6435424354243543 0.06266318537859007 0.028044280442804426
142 0.2630548302872063 0.6660516605166051 0.05613577023498695 0.03173431734317343
142 0.31070496083550914 0.6634686346863469 0.07049608355091384 0.03394833948339483