135 0.37289817232375977 0.4661328413284133 0.08182767624020885 0.0585092250922509
151 0.094177545691906 0.9615202952029519 0.0801958224543081 0.05904059040590406
44 0.615443864229765 0.9768044280442804 0.7049608355091384 0.041114391143911466
128 0.3114490861618799 0.8819188191881919 0.19395561357702354 0.14654612546125473
2 0.49981723237597914 0.8834981549815499 0.18650130548302873 0.14549077490774898
51 0.6872454308093994 0.8819188191881919 0.1846344647519583 0.14654612546125473
15 0.8746736292428199 0.8819188191881919 0.18650130548302887 0.14865682656826557
140 0.5072715404699739 0.6889815498154982 0.18650130548302873 0.10859040590405912
144 0.24058746736292427 0.6125461254612546 0.14546997389033944 0.08645018450184509
144 0.7637075718015666 0.6130701107011071 0.13986945169712806 0.08539483394833951
146 0.23953002610966057 0.6283616236162362 0.15083550913838123 0.023195571955719606
146 0.7645300261096606 0.6277712177121771 0.14197127937336815 0.023062730627306273
62 0.15757180156657966 0.08638376383763836 0.08998694516971283 0.07735793357933578
143 0.3823107049608355 0.5137047970479706 0.1226240208877285 0.07775645756457557
52 0.24151436031331594 0.20018450184501846 0.1272845953002611 0.08856088560885608
52 0.7637075718015666 0.19972693726937268 0.12402088772845953 0.09132841328413284
52 0.23988250652741513 0.14391143911439114 0.14360313315926893 0.025830258302583026
52 0.7628981723237598 0.1434538745387454 0.1452349869451697 0.024907749077490774
158 0.23009138381201044 0.17574169741697418 0.07180156657963446 0.03782287822878229
158 0.7539164490861618 0.1752767527675277 0.07180156657963446 0.03874538745387454
142 0.685378590078329 0.40958671586715867 0.06154046997389039 0.043232472324723194
142 0.7217493472584856 0.41907749077490775 0.06340731070496075 0.0390036900369003
142 0.7721018276762401 0.4138007380073801 0.07087467362924277 0.039011070110701034
194 0.5296475195822454 0.26251660516605163 0.13428198433420369 0.0780147601476015
105 0.5026109660574413 0.11966051660516604 0.192088772845953 0.12335055350553505
62 0.27599216710182767 0.08849446494464945 0.07693211488250654 0.07735793357933579
62 0.40468668407310704 0.07900369003690037 0.06574412532637078 0.08579335793357934
62 0.5454830287206266 0.05475276752767527 0.060143603133159335 0.043623616236162364
62 0.6797650130548304 0.07531365313653135 0.08253263707571805 0.08684870848708487
62 0.810313315926893 0.07214760147601477 0.07879895561357689 0.08684870848708488
149 0.7534464751958224 0.4406937269372694 0.11562663185378581 0.07591143911439106