8 0.3125065274151436 0.8809963099630996 0.19092689295039164 0.14944649446494465
2 0.5001697127937337 0.8823837638376385 0.19419060052219322 0.14852398523985239
52 0.24281984334203655 0.1970479704797048 0.1671018276762402 0.11808118081180811
15 0.6878328981723237 0.8823837638376385 0.19092689295039164 0.1448339483394834
40 0.8730548302872062 0.8810036900369004 0.19255874673629242 0.14575645756457564
170 0.09383812010443864 0.9607970479704798 0.07996083550913838 0.061808118081180814
185 0.24151436031331594 0.12546125461254612 0.14882506527415143 0.025092250922509225
52 0.762402088772846 0.196309963099631 0.1671018276762402 0.11808118081180811
105 0.5026109660574413 0.12066420664206642 0.18276762402088773 0.12177121771217712
145 0.23874673629242818 0.6247232472324723 0.15502610966057442 0.07047970479704797
185 0.7604438642297651 0.12472324723247233 0.15274151436031333 0.026568265682656828
145 0.7604438642297651 0.6269372693726937 0.15796344647519583 0.07306273062730627
139 0.49869451697127937 0.7597785977859779 0.21148825065274152 0.033210332103321034
140 0.4980417754569191 0.6896678966789668 0.20757180156657964 0.1099630996309963
80 0.2862271540469974 0.6215867158671586 0.05613577023498695 0.03394833948339483
80 0.3136422976501306 0.646309963099631 0.0587467362924282 0.03985239852398524
80 0.27219321148825065 0.5987084870848709 0.05613577023498695 0.03616236162361624
80 0.39588772845953 0.6378228782287823 0.0587467362924282 0.045018450184501846
39 0.2741514360313316 0.5031365313653137 0.06723237597911227 0.05129151291512915
180 0.6751044386422976 0.5466789667896679 0.06886422976501305 0.05904059040590406
180 0.3515013054830287 0.5332029520295203 0.06135770234986945 0.04907749077490775
180 0.3945822454308094 0.5548929889298893 0.05613577023498695 0.05922509225092251
180 0.31951697127937334 0.5524870848708487 0.0587467362924282 0.05405904059040591
180 0.7878590078328982 0.5892988929889299 0.06919060052219321 0.05682656826568266
64 0.5607049608355091 0.6350553505535055 0.04046997389033943 0.045018450184501846
174 0.7565274151436031 0.3848708487084871 0.04308093994778068 0.037638376383763834
71 0.239556135770235 0.3977859778597786 0.048302872062663184 0.047232472324723246
174 0.7030026109660574 0.36494464944649446 0.05352480417754569 0.04206642066420664
174 0.7526109660574413 0.34870848708487084 0.06135770234986945 0.037638376383763834
101 0.28133159268929503 0.2907749077490775 0.0639686684073107 0.053136531365313655
158 0.23825065274151436 0.1765092250922509 0.06309399477806786 0.04059040590405902
158 0.755 0.17588929889298896 0.06962140992167093 0.03690036900369006
44 0.6168407310704961 0.9760147601476015 0.7049608355091384 0.03874538745387454