44 0.6176631853785901 0.9760147601476015 0.7065926892950392 0.04059040590405904
150 0.3113577023498694 0.8822140221402215 0.1866840731070496 0.14819926199261987
15 0.5 0.8821476014760147 0.18798955613577023 0.14833948339483394
128 0.6879895561357703 0.8814095940959409 0.185378590078329 0.14833948339483394
8 0.8766318537859008 0.8817785977859778 0.18929503916449086 0.14907749077490776
144 0.23694516971279372 0.6109298892988929 0.1475195822454308 0.08708487084870849
144 0.7591383812010444 0.6116678966789667 0.15013054830287206 0.08560885608856089
146 0.23694516971279372 0.6286420664206641 0.1475195822454308 0.023616236162361623
105 0.49869451697127937 0.12177121771217712 0.19321148825065274 0.12250922509225093
52 0.2362924281984334 0.2011070110701107 0.12532637075718014 0.09225092250922509
52 0.7597911227154047 0.1988929889298893 0.1279373368146214 0.0907749077490775
158 0.2297650130548303 0.17638376383763837 0.0731070496083551 0.03690036900369004
185 0.23825065274151436 0.14428044280442803 0.1475195822454308 0.025830258302583026
185 0.7604438642297651 0.14391143911439114 0.1475195822454308 0.025092250922509225
140 0.5071801566579635 0.6881918819188192 0.1814621409921671 0.11291512915129151
146 0.758485639686684 0.6279040590405903 0.1462140992167102 0.023616236162361623
161 0.09595300261096605 0.9621771217712177 0.08485639686684072 0.05904059040590406
61 0.4314621409921671 0.26642066420664207 0.11096605744125326 0.07527675276752767
38 0.25130548302872063 0.5250922509225092 0.17101827676240208 0.09667896678966789
158 0.7617493472584856 0.17601476014760148 0.07441253263707572 0.037638376383763834
89 0.7643603133159269 0.5369003690036901 0.1370757180156658 0.08044280442804429
90 0.2734986945169713 0.35645756457564576 0.08485639686684072 0.07527675276752767
192 0.7539164490861618 0.4173431734317343 0.0926892950391645 0.07601476014760147
174 0.7134464751958225 0.444280442804428 0.03263707571801567 0.03690036900369004
80 0.30548302872062666 0.4749077490774908 0.04699738903394256 0.03616236162361624
143 0.35443864229765015 0.5092250922509225 0.11096605744125326 0.09151291512915129
147 0.837467362924282 0.43726937269372695 0.0926892950391645 0.08929889298892989