44 0.6174934725848564 0.9763837638376384 0.7075718015665796 0.042804428044280446
129 0.09399477806788512 0.9601476014760147 0.08093994778067885 0.05904059040590406
160 0.3113577023498694 0.8822878228782288 0.1919060052219321 0.14833948339483394
8 0.5006527415143603 0.8833948339483395 0.18929503916449086 0.14760147601476015
2 0.6873368146214099 0.8833948339483395 0.18929503916449086 0.14612546125461254
15 0.8740208877284595 0.8830258302583026 0.1866840731070496 0.14833948339483394
140 0.5058746736292428 0.6874538745387454 0.18407310704960836 0.11734317343173432
144 0.24151436031331594 0.611439114391144 0.14882506527415143 0.08634686346863468
145 0.7604438642297651 0.625830258302583 0.15535248041775457 0.07527675276752767
146 0.23890339425587467 0.6287822878228783 0.1514360313315927 0.025092250922509225
52 0.239556135770235 0.2025830258302583 0.12924281984334204 0.08929889298892989
158 0.23172323759791122 0.17896678966789667 0.07180156657963446 0.03911439114391144
158 0.7545691906005222 0.17859778597785977 0.07049608355091384 0.041328413284132844
185 0.2402088772845953 0.14833948339483394 0.14882506527415143 0.026568265682656828
185 0.762402088772846 0.14760147601476015 0.1514360313315927 0.026568265682656828
52 0.7637075718015666 0.2022140221402214 0.1279373368146214 0.08560885608856089
105 0.49738903394255873 0.11992619926199262 0.18798955613577023 0.12324723247232472
70 0.683420365535248 0.5254612546125461 0.06919060052219321 0.057564575645756455
102 0.2519582245430809 0.45645756457564574 0.09921671018276762 0.07453874538745388
102 0.31462140992167104 0.2041918819188192 0.08877284595300261 0.07280442804428043
7 0.7284595300261096 0.25756457564575647 0.08093994778067885 0.06789667896678966
168 0.1716710182767624 0.2158671586715867 0.07963446475195822 0.08634686346863468
33 0.7043080939947781 0.35313653136531364 0.08746736292428199 0.061254612546125464
139 0.49738903394255873 0.7601476014760148 0.21409921671018275 0.03394833948339483