155 0.5744125326370757 0.5206642066420665 0.3289817232375979 0.15276752767527677
52 0.24151436031331594 0.2014760147601476 0.1227154046997389 0.08560885608856089
52 0.7643603133159269 0.2014760147601476 0.12140992167101827 0.08560885608856089
185 0.239556135770235 0.14723247232472325 0.1475195822454308 0.025830258302583026
185 0.7630548302872062 0.14686346863468636 0.1475195822454308 0.025092250922509225
105 0.49673629242819844 0.12066420664206642 0.18407310704960836 0.12472324723247233
145 0.239556135770235 0.6269372693726937 0.15274151436031333 0.07453874538745388
144 0.7630548302872062 0.6121771217712177 0.1475195822454308 0.08782287822878229
146 0.762402088772846 0.6284132841328414 0.14882506527415143 0.024354243542435424
140 0.5039164490861618 0.7014760147601476 0.19321148825065274 0.08929889298892989
158 0.2297650130548303 0.181549815498155 0.07049608355091384 0.045756457564575644
158 0.7682767624020888 0.18081180811808117 0.06919060052219321 0.042804428044280446
104 0.42950391644908614 0.5217712177121772 0.13838120104438642 0.08118081180811808
147 0.7865535248041775 0.39520295202952027 0.08485639686684072 0.06273062730627306
138 0.8498694516971279 0.6254612546125461 0.06788511749347259 0.03025830258302583
143 0.1860313315926893 0.5833948339483395 0.12663185378590078 0.07896678966789668