144 0.23964751958224542 0.6125461254612546 0.15105744125326367 0.08856088560885608
144 0.7637075718015666 0.6125461254612546 0.15105744125326376 0.09067158671586709
146 0.2387206266318538 0.6278302583025831 0.14920365535248045 0.028464944649446447
146 0.7618407310704961 0.6283616236162362 0.15479112271540463 0.02952029520295203
140 0.5054046997389033 0.6868708487084871 0.19022193211488256 0.10859040590405894
40 0.31424281984334207 0.8829741697416975 0.18090078328981724 0.14443542435424356
2 0.49981723237597914 0.8824501845018451 0.18650130548302873 0.14338745387453872
160 0.6881723237597911 0.8824501845018451 0.19022193211488256 0.14338745387453872
169 0.8746736292428199 0.8819261992619926 0.18276762402088773 0.14443542435424356
16 0.094177545691906 0.9604649446494465 0.0801958224543081 0.056929889298892894
44 0.6182375979112271 0.9752250922509226 0.7105613577023498 0.04006642066420662
27 0.21633159268929505 0.18766789667896677 0.10817232375979115 0.06325461254612545
27 0.7403916449086162 0.18713653136531364 0.11189295039164496 0.06220664206642066
52 0.2387206266318538 0.19557195571955718 0.17157963446475197 0.11491512915129154
185 0.2377806788511749 0.12493726937269373 0.15105744125326367 0.02635424354243541
185 0.7618407310704961 0.12598523985239854 0.15105744125326376 0.02846494464944649
52 0.7618407310704961 0.19504797047970482 0.17344647519582232 0.11808118081180811
105 0.5016840731070497 0.11913653136531366 0.19022193211488256 0.12440590405904059
174 0.44386422976501305 0.3178671586715867 0.048485639686684054 0.041114391143911466
174 0.6296605744125326 0.2728413284132841 0.041671018276762346 0.037867158671586756
174 0.5761096605744126 0.2995571955719557 0.03678851174934719 0.036007380073800714
174 0.41135770234986946 0.27275276752767524 0.04394255874673625 0.03841328413284129
174 0.45691906005221933 0.2429667896678967 0.03686684073107051 0.03606642066420664
174 0.4772193211488251 0.28268634686346866 0.04245430809399475 0.04338745387453872
174 0.6175195822454308 0.1908782287822878 0.04652741514360312 0.06974169741697417
174 0.5203263707571801 0.2351070110701107 0.037297650130548365 0.0632546125461255
174 0.5455091383812011 0.20980811808118083 0.03543080939947779 0.05692988929889298
174 0.569751958224543 0.22245756457564575 0.031710182767623975 0.06958671586715867