144 0.23964751958224542 0.6125461254612546 0.15105744125326367 0.08856088560885608
144 0.7637075718015666 0.6125461254612546 0.15105744125326376 0.09067158671586709
146 0.2387206266318538 0.6278302583025831 0.14920365535248045 0.028464944649446447
146 0.7618407310704961 0.6283616236162362 0.15479112271540463 0.02952029520295203
140 0.5054046997389033 0.6868708487084871 0.19022193211488256 0.10859040590405894
40 0.31424281984334207 0.8829741697416975 0.18090078328981724 0.14443542435424356
2 0.49981723237597914 0.8824501845018451 0.18650130548302873 0.14338745387453872
160 0.6881723237597911 0.8824501845018451 0.19022193211488256 0.14338745387453872
169 0.8746736292428199 0.8819261992619926 0.18276762402088773 0.14443542435424356
16 0.094177545691906 0.9604649446494465 0.0801958224543081 0.056929889298892894
44 0.6182375979112271 0.9752250922509226 0.7105613577023498 0.04006642066420662
27 0.21633159268929505 0.18766789667896677 0.10817232375979115 0.06325461254612545
27 0.7403916449086162 0.18713653136531364 0.11189295039164496 0.06220664206642066
52 0.2387206266318538 0.19557195571955718 0.17157963446475197 0.11491512915129154
185 0.2377806788511749 0.12493726937269373 0.15105744125326367 0.02635424354243541
185 0.7618407310704961 0.12598523985239854 0.15105744125326376 0.02846494464944649
52 0.7618407310704961 0.19504797047970482 0.17344647519582232 0.11808118081180811
105 0.5016840731070497 0.11913653136531366 0.19022193211488256 0.12440590405904059
174 0.25793733681462144 0.4060221402214022 0.044699738903394265 0.038317343173431787
174 0.2603916449086162 0.44732841328413286 0.05681462140992165 0.04040590405904059
174 0.7645691906005222 0.43417712177121764 0.04886422976501314 0.03722509225092255
174 0.27599216710182767 0.425719557195572 0.04912532637075717 0.03898154981549811
174 0.7239295039164491 0.35033948339483395 0.06057441253263719 0.02910701107011066
174 0.26737597911227157 0.37191881918819186 0.050313315926892976 0.03937269372693729
174 0.7072193211488251 0.41370479704797053 0.03157963446475203 0.040996309963099595
174 0.7414621409921671 0.45740959409594095 0.049843342036553606 0.039675276752767524
174 0.7933289817232376 0.4084575645756458 0.04651436031331607 0.03428782287822881
174 0.7275979112271541 0.39546863468634685 0.03946475195822457 0.040516605166051683
174 0.7195169712793733 0.4362066420664206 0.04276762402088772 0.041859778597785995
174 0.6872454308093994 0.3726937269372694 0.04289817232375973 0.034789667896679
174 0.7767493472584857 0.3848265682656827 0.046618798955613626 0.04006642066420662
174 0.7478590078328982 0.416450184501845 0.03356396866840736 0.03795571955719562
183 0.85322454308094 0.11650184501845019 0.10257180156657955 0.08329151291512916
174 0.849490861618799 0.21929151291512913 0.04663185378590082 0.04006642066420662
174 0.7217493472584856 0.3711143911439114 0.05221932114882506 0.02740959409594099
25 0.5240600522193212 0.2667380073800738 0.10817232375979115 0.08645018450184501
174 0.8224543080939948 0.2387970479704797 0.05221932114882506 0.03690036900369004