44 0.6168407310704961 0.9763837638376384 0.706266318537859 0.041328413284132844
151 0.09530026109660575 0.9616236162361623 0.08093994778067885 0.057564575645756455
169 0.31266318537859006 0.8819188191881919 0.18929503916449086 0.14760147601476015
160 0.5013054830287206 0.8830258302583026 0.18798955613577023 0.14833948339483394
15 0.6873368146214099 0.8837638376383764 0.1866840731070496 0.14981549815498155
128 0.8753263707571801 0.8819188191881919 0.18929503916449086 0.14907749077490776
140 0.5058746736292428 0.688929889298893 0.1866840731070496 0.11143911439114391
145 0.2402088772845953 0.6261992619926199 0.14882506527415143 0.07011070110701106
145 0.7591383812010444 0.6276752767527676 0.15013054830287206 0.07306273062730627
52 0.239556135770235 0.2022140221402214 0.12402088772845953 0.08708487084870849
52 0.7630548302872062 0.2022140221402214 0.12663185378590078 0.08708487084870849
158 0.23302872062663185 0.18081180811808117 0.07180156657963446 0.04428044280442804
158 0.7539164490861618 0.18081180811808117 0.07180156657963446 0.045756457564575644
105 0.4980417754569191 0.11992619926199262 0.1866840731070496 0.12619926199261994
185 0.762402088772846 0.14649446494464943 0.14882506527415143 0.02730627306273063
185 0.23890339425587467 0.14797047970479704 0.14882506527415143 0.02730627306273063
139 0.49869451697127937 0.7586715867158672 0.20887728459530025 0.03247232472324723
50 0.5822454308093995 0.633210332103321 0.06788511749347259 0.04428044280442804
134 0.23694516971279372 0.5180811808118081 0.07963446475195822 0.06494464944649446
135 0.6168407310704961 0.6568265682656826 0.0639686684073107 0.041328413284132844
143 0.4640992167101828 0.6129151291512915 0.0926892950391645 0.06273062730627306
112 0.2859007832898172 0.5217712177121772 0.0835509138381201 0.07084870848708487
166 0.35052219321148825 0.6055350553505535 0.0926892950391645 0.08782287822878229
114 0.2839425587467363 0.45498154981549815 0.13446475195822455 0.1025830258302583