159 0.7663185378590078 0.5811808118081181 0.2898172323759791 0.13062730627306274
4 0.1912532637075718 0.43247232472324726 0.3276762402088773 0.14612546125461254
52 0.24151436031331594 0.2014760147601476 0.1227154046997389 0.08560885608856089
52 0.7643603133159269 0.2014760147601476 0.12140992167101827 0.08560885608856089
185 0.239556135770235 0.14723247232472325 0.1475195822454308 0.025830258302583026
185 0.7630548302872062 0.14686346863468636 0.1475195822454308 0.025092250922509225
105 0.49673629242819844 0.12066420664206642 0.18407310704960836 0.12472324723247233
144 0.2402088772845953 0.6132841328413284 0.1514360313315927 0.08560885608856089
144 0.7630548302872062 0.6121771217712177 0.1475195822454308 0.08782287822878229
146 0.762402088772846 0.6284132841328414 0.14882506527415143 0.024354243542435424
140 0.5045691906005222 0.6881918819188192 0.18929503916449086 0.11143911439114391
158 0.2297650130548303 0.181549815498155 0.07049608355091384 0.045756457564575644
158 0.7539164490861618 0.18007380073800738 0.06919060052219321 0.042804428044280446
15 0.31201044386422977 0.8819188191881919 0.18798955613577023 0.14760147601476015
169 0.5006527415143603 0.8822878228782288 0.1919060052219321 0.14833948339483394
40 0.6873368146214099 0.8830258302583026 0.1866840731070496 0.14833948339483394
8 0.8746736292428199 0.8833948339483395 0.1906005221932115 0.14760147601476015
44 0.6161879895561357 0.9763837638376384 0.7075718015665796 0.03985239852398524
129 0.09399477806788512 0.9608856088560885 0.0783289817232376 0.05904059040590406
146 0.23890339425587467 0.629520295202952 0.1514360313315927 0.025092250922509225
177 0.7173629242819843 0.5228782287822878 0.15796344647519583 0.09372693726937269
154 0.2519582245430809 0.5461254612546126 0.08093994778067885 0.05166051660516605
133 0.2584856396866841 0.42472324723247235 0.09138381201044386 0.07306273062730627
148 0.7741514360313316 0.4158671586715867 0.0783289817232376 0.07601476014760147
13 0.8283289817232375 0.47675276752767526 0.04569190600522193 0.028044280442804426
13 0.6651436031331592 0.5280442804428044 0.06919060052219321 0.02730627306273063
152 0.1475195822454308 0.3007380073800738 0.16449086161879894 0.08339483394833948
13 0.7069190600522193 0.47712177121771215 0.07702349869451697 0.03025830258302583
143 0.6305483028720626 0.5793357933579336 0.15404699738903394 0.07675276752767528