145 0.239556135770235 0.6127822878228782 0.14490861618798956 0.08634686346863468
170 0.09530026109660575 0.9619261992619926 0.08093994778067885 0.05669372693726949
128 0.31462140992167104 0.8814169741697416 0.18798955613577023 0.14833948339483394
44 0.6181462140992167 0.976619926199262 0.7088772845953003 0.03911439114391144
8 0.6879895561357703 0.8828929889298892 0.1906005221932115 0.14833948339483394
15 0.8753263707571801 0.8825239852398523 0.1814621409921671 0.14612546125461254
144 0.7630548302872062 0.6105682656826569 0.14490861618798956 0.08634686346863468
146 0.762402088772846 0.6293874538745388 0.1462140992167102 0.023616236162361623
105 0.5026109660574413 0.11660516605166052 0.2010443864229765 0.13579335793357933
52 0.2402088772845953 0.2022140221402214 0.1279373368146214 0.09151291512915129
52 0.7637075718015666 0.2011070110701107 0.1279373368146214 0.08929889298892989
158 0.7552219321148825 0.17822878228782288 0.07441253263707572 0.037638376383763834
140 0.5065274151436031 0.6870848708487085 0.185378590078329 0.11365313653136531
185 0.7637075718015666 0.14391143911439114 0.1462140992167102 0.025092250922509225
194 0.8107049608355091 0.329520295202952 0.14360313315926893 0.08191881918819188
2 0.4993472584856397 0.8847380073800738 0.1866840731070496 0.14907749077490776
158 0.2304177545691906 0.17601476014760148 0.07441253263707572 0.037638376383763834
185 0.2402088772845953 0.14317343173431735 0.1462140992167102 0.025092250922509225
146 0.23890339425587467 0.628649446494465 0.1462140992167102 0.023616236162361623
143 0.7271540469973891 0.5029520295202952 0.13054830287206268 0.07749077490774908
138 0.6932114882506527 0.6350553505535055 0.06788511749347259 0.03468634686346864
166 0.19255874673629242 0.07121771217712178 0.0926892950391645 0.08487084870848709
166 0.32049608355091386 0.07121771217712178 0.07702349869451697 0.08487084870848709
166 0.4412532637075718 0.062361623616236164 0.06527415143603134 0.06863468634686347
166 0.6011749347258486 0.06850922509225092 0.0639686684073107 0.08388191881918819
166 0.7219321148825065 0.06912177121771218 0.07049608355091384 0.08560885608856089
166 0.8544386422976501 0.06985977859778597 0.07180156657963446 0.08265682656826569