52 0.2545691906005222 0.2154981549815498 0.1671018276762402 0.1121771217712177
185 0.2545691906005222 0.14538745387453875 0.14360313315926893 0.025092250922509225
52 0.7480417754569191 0.21512915129151292 0.1671018276762402 0.11439114391143912
105 0.5026109660574413 0.14132841328413284 0.18276762402088773 0.11881918819188192
145 0.24919060052219322 0.6195571955719558 0.13674934725848564 0.06752767527675277
185 0.7493472584856397 0.14538745387453875 0.14360313315926893 0.026568265682656828
145 0.7454308093994778 0.6188191881918819 0.1409921671018277 0.06420664206642067
141 0.5006527415143603 0.6907749077490775 0.20234986945169714 0.09151291512915129
80 0.4135117493472585 0.6518450184501845 0.044386422976501305 0.03690036900369004
80 0.3939295039164491 0.6728782287822879 0.044386422976501305 0.042804428044280446
80 0.4213446475195822 0.690959409594096 0.04960835509138381 0.04944649446494465
39 0.38446475195822455 0.6079335793357934 0.05026109660574413 0.05719557195571956
180 0.6646605744125327 0.5466789667896679 0.06886422976501305 0.05904059040590406
180 0.36259791122715407 0.5339409594095941 0.05221932114882506 0.04907749077490775
180 0.3945822454308094 0.5519409594095941 0.05613577023498695 0.0533210332103321
180 0.3306135770234987 0.5524870848708487 0.057441253263707574 0.052583025830258305
180 0.7721932114882507 0.5859778597785977 0.06919060052219321 0.05461254612546126
64 0.589425587467363 0.6653136531365313 0.04046997389033943 0.045018450184501846
174 0.6690600522193212 0.5974169741697417 0.04308093994778068 0.04059040590405904
71 0.3426892950391645 0.6206642066420665 0.048302872062663184 0.053136531365313655
174 0.641644908616188 0.6136531365313653 0.05352480417754569 0.04059040590405904
174 0.6977806788511749 0.5789667896678967 0.06135770234986945 0.03616236162361624
101 0.34007832898172324 0.5870848708487085 0.0639686684073107 0.05092250922509225
80 0.4412532637075718 0.6354243542435425 0.05221932114882506 0.041328413284132844
64 0.5691906005221932 0.7099630996309964 0.05483028720626632 0.04870848708487085
64 0.5972584856396866 0.6948339483394834 0.04308093994778068 0.05239852398523985
64 0.5515665796344648 0.6819188191881919 0.030026109660574413 0.03985239852398524
64 0.5678851174934726 0.6487084870848708 0.031331592689295036 0.045756457564575644
120 0.5019582245430809 0.33948339483394835 0.7297650130548303 0.06051660516605166
158 0.24912532637075718 0.19495940959409594 0.0674543080939948 0.038132841328413276
158 0.7441253263707572 0.1937269372693727 0.06092689295039174 0.038132841328413276