150 0.5 0.8826568265682657 0.18798955613577023 0.14612546125461254
128 0.6879895561357703 0.8833948339483395 0.19321148825065274 0.14612546125461254
40 0.8759791122715405 0.8833948339483395 0.18276762402088773 0.14612546125461254
140 0.5039164490861618 0.688929889298893 0.18798955613577023 0.1099630996309963
139 0.49869451697127937 0.7590405904059041 0.20887728459530025 0.033210332103321034
122 0.5104438642297651 0.5697416974169742 0.09138381201044386 0.07822878228782287
44 0.6168407310704961 0.9756974169741697 0.7088772845953003 0.03995571955719548
25 0.4751958224543081 0.45830258302583027 0.10704960835509138 0.08265682656826569
52 0.2402088772845953 0.1970479704797048 0.16971279373368145 0.11660516605166052
53 0.7578328981723238 0.2177121771217712 0.15274151436031333 0.06789667896678966
185 0.24086161879895562 0.12730627306273062 0.15013054830287206 0.02730627306273063
107 0.49673629242819844 0.030627306273062732 0.20757180156657964 0.03468634686346864
105 0.5006527415143603 0.11512915129151291 0.1866840731070496 0.13431734317343175
170 0.0933420365535248 0.9605166051660516 0.08224543080939947 0.061254612546125464
145 0.7591383812010444 0.6261992619926199 0.15535248041775457 0.07306273062730627
180 0.7591383812010444 0.6158671586715867 0.06657963446475196 0.055350553505535055
180 0.597911227154047 0.5247232472324723 0.07049608355091384 0.04870848708487085
180 0.4275456919060052 0.5011070110701107 0.06919060052219321 0.05018450184501845
135 0.3035248041775457 0.6025830258302584 0.08746736292428199 0.05239852398523985
135 0.389686684073107 0.6070110701107011 0.08485639686684072 0.05092250922509225
8 0.3133159268929504 0.8826568265682657 0.1906005221932115 0.14760147601476015
145 0.24151436031331594 0.6243542435424354 0.15926892950391644 0.07380073800738007
159 0.43407310704960833 0.6029520295202953 0.2963446475195822 0.14169741697416974
27 0.2154046997389034 0.18929889298892988 0.10704960835509138 0.061254612546125464