44 0.6168407310704961 0.9763837638376384 0.706266318537859 0.041328413284132844
151 0.09530026109660575 0.9616236162361623 0.08093994778067885 0.057564575645756455
15 0.31266318537859006 0.8819188191881919 0.18929503916449086 0.14760147601476015
2 0.5 0.8830258302583026 0.18798955613577023 0.14833948339483394
128 0.6873368146214099 0.8837638376383764 0.1866840731070496 0.14981549815498155
8 0.8753263707571801 0.8819188191881919 0.18929503916449086 0.14907749077490776
140 0.5058746736292428 0.688929889298893 0.1866840731070496 0.11143911439114391
144 0.2402088772845953 0.6118081180811809 0.14882506527415143 0.08708487084870849
145 0.7630548302872062 0.6254612546125461 0.15013054830287206 0.07306273062730627
146 0.239556135770235 0.6287822878228783 0.1475195822454308 0.025092250922509225
52 0.239556135770235 0.2022140221402214 0.12402088772845953 0.08708487084870849
52 0.7630548302872062 0.2022140221402214 0.12663185378590078 0.08708487084870849
158 0.23302872062663185 0.18081180811808117 0.07180156657963446 0.04428044280442804
158 0.7539164490861618 0.18081180811808117 0.07180156657963446 0.045756457564575644
105 0.4980417754569191 0.11992619926199262 0.1866840731070496 0.12619926199261994
112 0.7891644908616188 0.4656826568265683 0.08224543080939947 0.06199261992619926
143 0.6429503916449086 0.5446494464944649 0.13446475195822455 0.08413284132841328
185 0.762402088772846 0.14649446494464943 0.14882506527415143 0.02730627306273063
185 0.23890339425587467 0.14797047970479704 0.14882506527415143 0.02730627306273063
48 0.5593994778067886 0.6472324723247233 0.05613577023498695 0.035424354243542434
72 0.5959530026109661 0.3715867158671587 0.097911227154047 0.06568265682656826
48 0.6044386422976501 0.6708487084870849 0.04699738903394256 0.03394833948339483
139 0.49869451697127937 0.7586715867158672 0.20887728459530025 0.03247232472324723
50 0.6494778067885117 0.6616236162361624 0.07963446475195822 0.06273062730627306
49 0.7023498694516971 0.6450184501845019 0.04699738903394256 0.03394833948339483
34 0.5189295039164491 0.3236162361623616 0.11879895561357702 0.11143911439114391