44 0.6168407310704961 0.9763837638376384 0.706266318537859 0.041328413284132844
3 0.09530026109660575 0.9616236162361623 0.08093994778067885 0.057564575645756455
15 0.31266318537859006 0.8819188191881919 0.18929503916449086 0.14760147601476015
150 0.5 0.8830258302583026 0.18798955613577023 0.14833948339483394
169 0.6873368146214099 0.8837638376383764 0.1866840731070496 0.14981549815498155
40 0.8753263707571801 0.8819188191881919 0.18929503916449086 0.14907749077490776
140 0.5058746736292428 0.688929889298893 0.1866840731070496 0.11143911439114391
144 0.2402088772845953 0.6118081180811809 0.14882506527415143 0.08708487084870849
144 0.7630548302872062 0.6125461254612546 0.15013054830287206 0.08856088560885608
146 0.239556135770235 0.6287822878228783 0.1475195822454308 0.025092250922509225
146 0.7610966057441253 0.6284132841328414 0.14882506527415143 0.024354243542435424
52 0.239556135770235 0.2022140221402214 0.12402088772845953 0.08708487084870849
52 0.7630548302872062 0.2022140221402214 0.12663185378590078 0.08708487084870849
158 0.23302872062663185 0.18081180811808117 0.07180156657963446 0.04428044280442804
158 0.7539164490861618 0.18081180811808117 0.07180156657963446 0.045756457564575644
105 0.4980417754569191 0.11992619926199262 0.1866840731070496 0.12619926199261994
46 0.6984334203655352 0.2092250922509225 0.1618798955613577 0.08782287822878229
134 0.2943864229765013 0.25904059040590405 0.06657963446475196 0.06494464944649446
112 0.8309399477806788 0.21918819188191882 0.05352480417754569 0.05608856088560885
72 0.3348563968668407 0.15940959409594097 0.08485639686684072 0.07675276752767528
187 0.2885117493472585 0.6022140221402214 0.23759791122715404 0.11660516605166052
185 0.23890339425587467 0.14797047970479704 0.14882506527415143 0.02730627306273063
185 0.7656657963446475 0.15018450184501844 0.15013054830287206 0.02730627306273063