122 0.512402088772846 0.5833948339483395 0.09530026109660575 0.07158671586715867
52 0.25326370757180156 0.21291512915129152 0.16449086161879894 0.11291512915129151
53 0.7434725848563969 0.23468634686346865 0.15274151436031333 0.06789667896678966
107 0.4993472584856397 0.05830258302583026 0.19973890339425587 0.03394833948339483
105 0.49869451697127937 0.13763837638376383 0.18276762402088773 0.13062730627306274
145 0.7441253263707572 0.6191881918819189 0.14882506527415143 0.07084870848708487
180 0.7434725848563969 0.6121771217712177 0.06657963446475196 0.055350553505535055
180 0.5913838120104439 0.5291512915129152 0.07049608355091384 0.05608856088560885
180 0.4275456919060052 0.5276752767527675 0.06919060052219321 0.05608856088560885
145 0.25718015665796345 0.6195571955719558 0.14882506527415143 0.06863468634686347
27 0.2297650130548303 0.2055350553505535 0.10704960835509138 0.061254612546125464
185 0.25783289817232374 0.14870848708487086 0.1475195822454308 0.02730627306273063