52 0.23964751958224542 0.19662730627306274 0.16971279373368145 0.11491512915129154
169 0.3133159268929504 0.8808634686346863 0.19022193211488256 0.1423321033210333
15 0.49981723237597914 0.8840295202952029 0.19022193211488256 0.14443542435424356
51 0.6863054830287206 0.8856088560885609 0.19022193211488256 0.14760147601476015
150 0.8765404699738902 0.8845535055350553 0.19022193211488256 0.14549077490774898
144 0.23964751958224542 0.6136014760147601 0.14733681462140993 0.08434686346863465
144 0.7637075718015666 0.6141254612546125 0.1473368146214098 0.08539483394833951
146 0.23964751958224542 0.6278302583025831 0.15105744125326367 0.02635424354243545
146 0.7637075718015666 0.6273062730627307 0.1473368146214098 0.0253062730627306
139 0.49887728459530023 0.7590922509225092 0.21074412532637085 0.03584501845018454
140 0.5044778067885117 0.6868708487084871 0.195822454308094 0.11491512915129154
52 0.7627806788511748 0.19609594095940958 0.16784595300261088 0.11386715867158669
28 0.23964751958224542 0.17290774907749076 0.09511749347258487 0.05271586715867159
28 0.7627676240208877 0.17343173431734318 0.09325065274151444 0.0495571955719557
185 0.24151436031331594 0.11650184501845019 0.14733681462140993 0.0242509225092251
185 0.7637075718015666 0.11755719557195571 0.1473368146214098 0.02635424354243541
105 0.5026109660574413 0.12124723247232472 0.1846344647519583 0.11808118081180811
142 0.719882506527415 0.2472177121771218 0.055939947780678734 0.04534317343173436
161 0.09511749347258486 0.960988929889299 0.08206266318537858 0.06008856088560891
135 0.25362924281984334 0.3421107011070111 0.08204960835509141 0.06430258302583025
147 0.22659268929503915 0.35741697416974166 0.08765013054830285 0.07801476014760146
136 0.30305483028720626 0.23827306273062732 0.09138381201044386 0.04848708487084874
142 0.1454569190600522 0.29572693726937266 0.06714099216710182 0.041114391143911466
142 0.195822454308094 0.2999335793357934 0.05967362924281983 0.03690036900369004
142 0.1883681462140992 0.27148339483394834 0.06340731070496082 0.03478966789667896
135 0.5921279373368146 0.6963616236162362 0.06900783289817235 0.045335793357933626
44 0.6168407310704961 0.9760147601476015 0.7049608355091384 0.03874538745387454