150 0.3114490861618799 0.8819188191881919 0.19022193211488256 0.14654612546125473
128 0.49887728459530023 0.8840295202952029 0.18090078328981715 0.14654612546125473
40 0.6881723237597911 0.8824428044280443 0.19022193211488256 0.14760147601476015
8 0.8737467362924282 0.8829741697416975 0.18836814621409917 0.15076752767527674
161 0.094177545691906 0.9620442804428044 0.0801958224543081 0.057985239852398646
44 0.6182375979112271 0.9762804428044279 0.7068276762402088 0.04216974169741688
140 0.5054046997389033 0.6900369003690037 0.19022193211488256 0.11281180811808128
145 0.2377806788511749 0.6220369003690037 0.15105744125326367 0.07380073800738007
145 0.7627806788511748 0.6204501845018451 0.14920365535248037 0.0706346863468635
52 0.24151436031331594 0.2024280442804428 0.12868146214099216 0.08856088560885608
52 0.7646344647519583 0.20189667896678967 0.12309399477806784 0.08750553505535057
185 0.23964751958224542 0.14707749077490775 0.14733681462140993 0.02635424354243541
185 0.7646344647519583 0.14760147601476015 0.1454699738903395 0.02530627306273064
158 0.23032637075718015 0.17817712177121772 0.0764621409921671 0.03584501845018452
158 0.7534464751958224 0.17817712177121772 0.07087467362924277 0.03584501845018452
105 0.4979503916449086 0.11650184501845019 0.19022193211488256 0.1296826568265683
107 0.5016840731070497 0.031099630996309965 0.20142297650130545 0.03268634686346863
143 0.28347258485639687 0.3025830258302583 0.13800261096605745 0.08223616236162366
139 0.49981723237597914 0.7590922509225092 0.20887728459530025 0.03163099630996311
177 0.7441383812010444 0.44701845018450187 0.16784595300261088 0.09910701107011068
80 0.68911227154047 0.5329446494464944 0.046618798955613626 0.03690774907749077
174 0.7888903394255874 0.43436900369003695 0.02610966057441253 0.03163099630996303
174 0.696579634464752 0.5593062730627306 0.05035248041775449 0.039011070110701034
174 0.8028851174934726 0.4602066420664207 0.05035248041775449 0.039011070110701034
118 0.22566579634464753 0.2925682656826568 0.09325065274151437 0.06430996309963098
119 0.4177545691906005 0.2182361623616236 0.10070496083550912 0.07801476014760148
77 0.7637075718015666 0.5202952029520295 0.12122715404699726 0.05166051660516605
137 0.2816057441253264 0.4775940959409594 0.07087467362924285 0.09277490774907751