44 0.6176631853785901 0.9760147601476015 0.7065926892950392 0.04059040590405904
2 0.3113577023498694 0.8822140221402215 0.1866840731070496 0.14819926199261987
51 0.5 0.8821476014760147 0.18798955613577023 0.14833948339483394
40 0.6879895561357703 0.8814095940959409 0.185378590078329 0.14833948339483394
128 0.8766318537859008 0.8817785977859778 0.18929503916449086 0.14907749077490776
144 0.23694516971279372 0.6109298892988929 0.1475195822454308 0.08708487084870849
144 0.7591383812010444 0.6116678966789667 0.15013054830287206 0.08560885608856089
146 0.23694516971279372 0.6286420664206641 0.1475195822454308 0.023616236162361623
105 0.49869451697127937 0.12177121771217712 0.19321148825065274 0.12250922509225093
52 0.2362924281984334 0.2011070110701107 0.12532637075718014 0.09225092250922509
52 0.7597911227154047 0.1988929889298893 0.1279373368146214 0.0907749077490775
158 0.2297650130548303 0.17638376383763837 0.0731070496083551 0.03690036900369004
185 0.23825065274151436 0.14428044280442803 0.1475195822454308 0.025830258302583026
185 0.7604438642297651 0.14391143911439114 0.1475195822454308 0.025092250922509225
140 0.5071801566579635 0.6881918819188192 0.1814621409921671 0.11291512915129151
146 0.758485639686684 0.6279040590405903 0.1462140992167102 0.023616236162361623
161 0.09464751958224543 0.9621771217712177 0.08485639686684072 0.05904059040590406
109 0.856396866840731 0.46273062730627307 0.1462140992167102 0.06346863468634686
136 0.7480417754569191 0.20627306273062732 0.07049608355091384 0.05092250922509225
134 0.8661879895561357 0.2077490774907749 0.06135770234986945 0.061254612546125464
134 0.9112271540469974 0.23800738007380073 0.0731070496083551 0.061254612546125464
134 0.924934725848564 0.2003690036900369 0.05352480417754569 0.043542435424354244
136 0.7565274151436031 0.17084870848708486 0.0639686684073107 0.03616236162361624
61 0.4321148825065274 0.26789667896678965 0.1122715404699739 0.07822878228782287