2 0.3125065274151436 0.8814612546125462 0.18766318537859009 0.14852398523985239
128 0.5001697127937337 0.8814612546125462 0.19092689295039164 0.14852398523985239
169 0.6899477806788512 0.8819188191881919 0.18929503916449086 0.14760147601476015
137 0.8746736292428199 0.8819188191881919 0.18276762402088773 0.14760147601476015
9 0.09464751958224543 0.9612546125461254 0.08485639686684072 0.05719557195571956
44 0.6168407310704961 0.976479704797048 0.7114882506527415 0.03966789667896679
144 0.2410313315926893 0.6130996309963099 0.14849869451697129 0.08487084870848709
144 0.7622454308093994 0.6112546125461255 0.1491514360313316 0.08597785977859779
140 0.505065274151436 0.6872693726937269 0.19092689295039164 0.11254612546125461
52 0.2327023498694517 0.1992619926199262 0.13838120104438642 0.09225092250922509
52 0.755065274151436 0.19972693726937268 0.14131853785900783 0.09132841328413284
185 0.23988250652741513 0.14428044280442803 0.1468668407310705 0.025092250922509225
185 0.7637075718015666 0.14391143911439114 0.1468668407310705 0.023985239852398525
27 0.21638381201044388 0.18874538745387454 0.1077023498694517 0.06088560885608856
27 0.7390731070496084 0.1881918819188192 0.1054177545691906 0.06420664206642067
105 0.5034334203655353 0.12177121771217712 0.19745430809399478 0.12361623616236163
146 0.239556135770235 0.6284132841328414 0.1475195822454308 0.022878228782287822
146 0.7617493472584856 0.6284132841328414 0.1475195822454308 0.021402214022140223
22 0.2245430809399478 0.3833948339483395 0.10966057441253264 0.07306273062730627
142 0.25 0.396309963099631 0.0587467362924282 0.047232472324723246
142 0.20496083550913838 0.3992619926199262 0.06527415143603134 0.03837638376383764
163 0.7441253263707572 0.4088560885608856 0.12532637075718014 0.07380073800738007
164 0.7323759791122716 0.3501845018450184 0.06527415143603134 0.05387453874538745
164 0.7193211488250653 0.33099630996309964 0.057441253263707574 0.055350553505535055
143 0.2754569190600522 0.4904059040590406 0.13315926892950392 0.07601476014760147
26 0.3492167101827676 0.3254612546125461 0.10052219321148825 0.08118081180811808
37 0.9092689295039165 0.24575645756457565 0.08746736292428199 0.07675276752767528