2 0.3125065274151436 0.8814612546125462 0.18766318537859009 0.14852398523985239
150 0.5001697127937337 0.8814612546125462 0.19092689295039164 0.14852398523985239
51 0.6899477806788512 0.8819188191881919 0.18929503916449086 0.14760147601476015
137 0.8746736292428199 0.8819188191881919 0.18276762402088773 0.14760147601476015
170 0.09464751958224543 0.9612546125461254 0.08485639686684072 0.05719557195571956
44 0.6168407310704961 0.976479704797048 0.7114882506527415 0.03966789667896679
144 0.2410313315926893 0.6130996309963099 0.14849869451697129 0.08487084870848709
144 0.7622454308093994 0.6112546125461255 0.1491514360313316 0.08597785977859779
140 0.505065274151436 0.6872693726937269 0.19092689295039164 0.11254612546125461
52 0.2327023498694517 0.1992619926199262 0.13838120104438642 0.09225092250922509
52 0.755065274151436 0.19972693726937268 0.14131853785900783 0.09132841328413284
185 0.23988250652741513 0.14428044280442803 0.1468668407310705 0.025092250922509225
185 0.7637075718015666 0.14391143911439114 0.1468668407310705 0.023985239852398525
27 0.21638381201044388 0.18874538745387454 0.1077023498694517 0.06088560885608856
27 0.7390731070496084 0.1881918819188192 0.1054177545691906 0.06420664206642067
105 0.5034334203655353 0.12177121771217712 0.19745430809399478 0.12361623616236163
146 0.239556135770235 0.6284132841328414 0.1475195822454308 0.022878228782287822
146 0.7617493472584856 0.6284132841328414 0.1475195822454308 0.021402214022140223
26 0.7343342036553525 0.3881918819188192 0.11096605744125326 0.07380073800738007
22 0.2010443864229765 0.33505535055350555 0.10443864229765012 0.07527675276752767
123 0.2741514360313316 0.3576974169741697 0.12010443864229765 0.11364575645756454
143 0.7134464751958225 0.4535055350553506 0.16057441253263707 0.08634686346863468
147 0.3152741514360313 0.45018450184501846 0.12663185378590078 0.09003690036900369
135 0.39882506527415146 0.6059040590405904 0.07702349869451697 0.04428044280442804
142 0.2741514360313316 0.4239852398523985 0.06005221932114883 0.04649446494464945
94 0.5215404699738904 0.5191881918819188 0.38511749347258484 0.17638376383763837
174 0.643603133159269 0.44132841328413286 0.033942558746736295 0.03099630996309963
174 0.652088772845953 0.466789667896679 0.050913838120104436 0.037638376383763834
174 0.48433420365535246 0.5723247232472325 0.044386422976501305 0.03911439114391144
159 0.24086161879895562 0.45387453874538747 0.2989556135770235 0.13874538745387455