170 0.09464751958224543 0.9621771217712177 0.08485639686684072 0.05904059040590406
44 0.6176631853785901 0.9760147601476015 0.7065926892950392 0.04059040590405904
166 0.7766057441253263 0.4582140221402214 0.0858355091383812 0.08394833948339483
166 0.2769321148825065 0.22878228782287824 0.08257180156657963 0.07638376383763838
160 0.3113577023498694 0.8822140221402215 0.1866840731070496 0.14819926199261987
15 0.5 0.8821476014760147 0.18798955613577023 0.14833948339483394
2 0.6879895561357703 0.8814095940959409 0.185378590078329 0.14833948339483394
128 0.8766318537859008 0.8817785977859778 0.18929503916449086 0.14907749077490776
144 0.23694516971279372 0.6109298892988929 0.1475195822454308 0.08708487084870849
144 0.7591383812010444 0.6116678966789667 0.15013054830287206 0.08560885608856089
146 0.23694516971279372 0.6286420664206641 0.1475195822454308 0.023616236162361623
146 0.758485639686684 0.6279040590405903 0.1462140992167102 0.023616236162361623
105 0.49869451697127937 0.12177121771217712 0.19321148825065274 0.12250922509225093
52 0.2362924281984334 0.2011070110701107 0.12532637075718014 0.09225092250922509
52 0.7597911227154047 0.1988929889298893 0.1279373368146214 0.0907749077490775
158 0.75 0.17601476014760148 0.07441253263707572 0.037638376383763834
158 0.2245430809399478 0.17638376383763837 0.0731070496083551 0.03690036900369004
185 0.23825065274151436 0.14428044280442803 0.1475195822454308 0.025830258302583026
185 0.7604438642297651 0.14391143911439114 0.1475195822454308 0.025092250922509225
143 0.26566579634464754 0.3808118081180812 0.12402088772845953 0.07970479704797048
166 0.7433159268929503 0.4360738007380074 0.08714099216710183 0.08099630996309963
140 0.5071801566579635 0.6881918819188192 0.1814621409921671 0.11291512915129151
194 0.5274151436031331 0.26605166051660517 0.1227154046997389 0.08339483394833948
179 0.4308093994778068 0.1952029520295203 0.1279373368146214 0.09667896678966789
147 0.26370757180156656 0.26309963099630995 0.10443864229765012 0.08929889298892989
45 0.8577023498694517 0.12177121771217712 0.1174934725848564 0.08265682656826569
142 0.7539164490861618 0.38265682656826566 0.0587467362924282 0.04206642066420664
138 0.46475195822454307 0.5811808118081181 0.07049608355091384 0.028782287822878228
135 0.6109660574412533 0.6047970479704797 0.0731070496083551 0.037638376383763834