44 0.6176631853785901 0.9760147601476015 0.7065926892950392 0.04059040590405904
2 0.3113577023498694 0.8822140221402215 0.1866840731070496 0.14819926199261987
51 0.5 0.8821476014760147 0.18798955613577023 0.14833948339483394
51 0.6879895561357703 0.8814095940959409 0.185378590078329 0.14833948339483394
160 0.8766318537859008 0.8817785977859778 0.18929503916449086 0.14907749077490776
144 0.23694516971279372 0.6109298892988929 0.1475195822454308 0.08708487084870849
144 0.7591383812010444 0.6116678966789667 0.15013054830287206 0.08560885608856089
146 0.23694516971279372 0.6286420664206641 0.1475195822454308 0.023616236162361623
105 0.49869451697127937 0.12177121771217712 0.19321148825065274 0.12250922509225093
52 0.2362924281984334 0.2011070110701107 0.12532637075718014 0.09225092250922509
52 0.7597911227154047 0.1988929889298893 0.1279373368146214 0.0907749077490775
158 0.75 0.17601476014760148 0.07441253263707572 0.037638376383763834
158 0.2297650130548303 0.17638376383763837 0.0731070496083551 0.03690036900369004
185 0.23825065274151436 0.14428044280442803 0.1475195822454308 0.025830258302583026
185 0.7604438642297651 0.14391143911439114 0.1475195822454308 0.025092250922509225
140 0.5071801566579635 0.6881918819188192 0.1814621409921671 0.11291512915129151
146 0.758485639686684 0.6279040590405903 0.1462140992167102 0.023616236162361623
151 0.09464751958224543 0.9621771217712177 0.08485639686684072 0.05904059040590406
143 0.6586161879895561 0.36642066420664204 0.13446475195822455 0.08929889298892989
143 0.7552219321148825 0.39077490774907747 0.15535248041775457 0.07749077490774908
92 0.716710182767624 0.34280442804428046 0.12010443864229765 0.07896678966789668
147 0.7310704960835509 0.4394833948339483 0.0835509138381201 0.05830258302583026
138 0.7265013054830287 0.48154981549815495 0.07180156657963446 0.028782287822878228
132 0.5241514360313316 0.2686346863468635 0.10574412532637076 0.06642066420664207
109 0.9014360313315927 0.07306273062730627 0.08485639686684072 0.03985239852398524
135 0.7695822454308094 0.36494464944649446 0.06657963446475196 0.033210332103321034