44 0.6176631853785901 0.9760147601476015 0.7065926892950392 0.04059040590405904
15 0.3113577023498694 0.8822140221402215 0.1866840731070496 0.14819926199261987
40 0.5 0.8821476014760147 0.18798955613577023 0.14833948339483394
51 0.6879895561357703 0.8814095940959409 0.185378590078329 0.14833948339483394
2 0.8779373368146214 0.8817785977859778 0.18929503916449086 0.14907749077490776
144 0.23890339425587467 0.6101918819188191 0.14882506527415143 0.08708487084870849
144 0.762402088772846 0.6109298892988929 0.1462140992167102 0.08560885608856089
146 0.23825065274151436 0.6242140221402214 0.1475195822454308 0.023616236162361623
105 0.5019582245430809 0.11845018450184502 0.15274151436031333 0.12177121771217712
52 0.23694516971279372 0.2011070110701107 0.11879895561357702 0.08634686346863468
52 0.7597911227154047 0.1988929889298893 0.1279373368146214 0.0907749077490775
185 0.7617493472584856 0.14686346863468636 0.1475195822454308 0.025092250922509225
140 0.5 0.6856088560885609 0.14882506527415143 0.1047970479704797
151 0.09399477806788512 0.9618081180811808 0.08093994778067885 0.05830258302583026
158 0.7565274151436031 0.17712177121771217 0.07180156657963446 0.03985239852398524
146 0.7617493472584856 0.6250922509225092 0.1475195822454308 0.02214022140221402
185 0.239556135770235 0.14686346863468636 0.1475195822454308 0.025092250922509225
158 0.23172323759791122 0.17859778597785977 0.07180156657963446 0.041328413284132844