8 0.3114490861618799 0.8819188191881919 0.19022193211488256 0.14654612546125473
40 0.49887728459530023 0.8840295202952029 0.18090078328981715 0.14654612546125473
2 0.6881723237597911 0.8824428044280443 0.19022193211488256 0.14760147601476015
169 0.8737467362924282 0.8829741697416975 0.18836814621409917 0.15076752767527674
151 0.094177545691906 0.9620442804428044 0.0801958224543081 0.057985239852398646
44 0.6182375979112271 0.9762804428044279 0.7068276762402088 0.04216974169741688
140 0.5054046997389033 0.6900369003690037 0.19022193211488256 0.11281180811808128
145 0.2377806788511749 0.6230922509225092 0.15105744125326367 0.07169741697416981
145 0.7627806788511748 0.6125461254612546 0.14920365535248037 0.08645018450184509
52 0.24151436031331594 0.2024280442804428 0.12868146214099216 0.08856088560885608
52 0.7646344647519583 0.20084132841328411 0.12309399477806784 0.08961623616236165
185 0.23964751958224542 0.14180811808118082 0.14733681462140993 0.02635424354243541
185 0.7646344647519583 0.14233210332103322 0.1454699738903395 0.02530627306273064
30 0.23964751958224542 0.17396309963099632 0.06900783289817235 0.04428044280442806
30 0.7627676240208877 0.17343173431734318 0.07087467362924277 0.043225092250922525
105 0.5035509138381201 0.1201918819188192 0.1715665796344647 0.1307380073800738
31 0.2387206266318538 0.11650184501845019 0.14920365535248045 0.02635424354243541
31 0.7646344647519583 0.11491512915129153 0.14173629242819835 0.02530627306273064
172 0.670443864229765 0.637859778597786 0.08391644908616185 0.06536531365313648
67 0.24429503916449086 0.3183985239852399 0.1193472584856397 0.08222878228782285
143 0.2816057441253264 0.4190848708487085 0.1305483028720627 0.05588191881918821
142 0.8131201044386424 0.6067453874538745 0.06340731070496075 0.03690036900369004
142 0.815 0.5851365313653136 0.07460835509138393 0.03795571955719562
142 0.7646475195822454 0.5793357933579336 0.07086161879895558 0.0411217712177122
159 0.24151436031331594 0.559830258302583 0.2965274151436031 0.13284132841328414
139 0.49981723237597914 0.7596236162361624 0.20514360313315924 0.030575645756457527
127 0.2564360313315927 0.4876088560885609 0.06154046997389032 0.04322509225092246
137 0.636892950391645 0.5603616236162361 0.0988381201044387 0.08750553505535051