52 0.7620757180156658 0.19695940959409594 0.17297650130548303 0.11715867158671586
52 0.24093994778067884 0.19603690036900367 0.1769451697127937 0.12084870848708487
144 0.7661618798955614 0.6139335793357934 0.14197127937336815 0.08948339483394833
144 0.2423368146214099 0.6102435424354243 0.14197127937336815 0.09686346863468635
105 0.5009791122715405 0.12039114391143911 0.195822454308094 0.12453874538745388
140 0.5042428198433421 0.690959409594096 0.19908616187989556 0.11992619926199262
44 0.2986292428198433 0.966789667896679 0.06527415143603134 0.02952029520295203
170 0.09383812010443864 0.9589520295202952 0.07996083550913838 0.06365313653136531
8 0.31276762402088776 0.881771217712177 0.19364229765013052 0.1460664206642067
2 0.498798955613577 0.8819188191881919 0.19147519582245426 0.14391143911439114
15 0.6862010443864229 0.8829963099630996 0.19092689295039164 0.1472915129151291
40 0.8782114882506528 0.8829963099630996 0.19637075718015676 0.1491365313653136
146 0.23988250652741513 0.6291512915129152 0.15013054830287206 0.023985239852398525
146 0.761266318537859 0.6268487084870848 0.14849869451697129 0.026752767527675275
185 0.7604438642297651 0.12453874538745388 0.15339425587467362 0.027675276752767528
185 0.23988250652741513 0.12315867158671587 0.15339425587467362 0.026752767527675275
158 0.23172323759791122 0.1752767527675277 0.08050913838120106 0.04059040590405904
158 0.7560966057441253 0.1783542435424354 0.07614882506527405 0.04428044280442802