159 0.28720626631853785 0.17416974169741697 0.3028720626631854 0.14317343173431735
44 0.6176631853785901 0.9760147601476015 0.7065926892950392 0.04059040590405904
8 0.3113577023498694 0.8822140221402215 0.1866840731070496 0.14819926199261987
150 0.5 0.8821476014760147 0.18798955613577023 0.14833948339483394
160 0.6879895561357703 0.8814095940959409 0.185378590078329 0.14833948339483394
2 0.8779373368146214 0.8817785977859778 0.18929503916449086 0.14907749077490776
144 0.23694516971279372 0.6109298892988929 0.1475195822454308 0.08708487084870849
144 0.7617493472584856 0.6131439114391144 0.14490861618798956 0.08560885608856089
146 0.23694516971279372 0.6286420664206641 0.1475195822454308 0.023616236162361623
105 0.49869451697127937 0.12177121771217712 0.19321148825065274 0.12250922509225093
53 0.24151436031331594 0.2114391143911439 0.13315926892950392 0.07158671586715867
52 0.7597911227154047 0.1988929889298893 0.1279373368146214 0.0907749077490775
67 0.2258485639686684 0.1881918819188192 0.1174934725848564 0.08413284132841328
185 0.7604438642297651 0.13726937269372694 0.1475195822454308 0.025092250922509225
140 0.5071801566579635 0.6881918819188192 0.1814621409921671 0.11291512915129151
170 0.09399477806788512 0.9618081180811808 0.08093994778067885 0.05830258302583026
28 0.7630548302872062 0.17121771217712178 0.08746736292428199 0.05018450184501845
146 0.7617493472584856 0.6287822878228783 0.1475195822454308 0.02214022140221402
57 0.8113577023498695 0.33062730627306275 0.13185378590078328 0.1018450184501845
107 0.49869451697127937 0.026199261992619925 0.206266318537859 0.033210332103321034