52 0.7647911227154047 0.19864944649446495 0.16753263707571792 0.1168487084870849
52 0.23390339425587467 0.20049446494464945 0.15447780678851172 0.11070110701107011
180 0.2012532637075718 0.4575645756457565 0.05439947780678853 0.05166051660516605
180 0.16245430809399478 0.4698671586715867 0.05947780678851175 0.061498154981549764
180 0.2600130548302872 0.45940959409594095 0.05439947780678853 0.057808118081180755
180 0.7452088772845954 0.45940959409594095 0.06309399477806779 0.055350553505535055
180 0.799621409921671 0.44895940959409597 0.0587467362924282 0.04428044280442804
144 0.23607049608355093 0.6143911439114391 0.15447780678851172 0.0873284132841328
144 0.7647911227154047 0.6100885608856088 0.14578328981723246 0.08856088560885608
140 0.5069582245430809 0.6900369003690037 0.19147519582245426 0.11070110701107011
105 0.4982637075718016 0.12177121771217712 0.17842036553524798 0.13529889298892991
8 0.30973890339425586 0.8805166051660516 0.1973759791122716 0.14303321033210328
2 0.4976370757180157 0.8825313653136531 0.19084856396866834 0.14391143911439114
15 0.6866318537859009 0.8837638376383764 0.18650130548302882 0.14636900369003686
40 0.8754569190600523 0.8825313653136531 0.19177545691906017 0.14391143911439114
170 0.09464751958224543 0.959409594095941 0.08050913838120105 0.06396309963099636
44 0.29699738903394257 0.9643321033210333 0.06309399477806786 0.03197785977859773
180 0.8213707571801566 0.4766346863468635 0.05439947780678861 0.05781549815498149
80 0.25783289817232374 0.4157416974169742 0.0587467362924282 0.04182287822878234
80 0.7457571801566579 0.43634686346863466 0.0587467362924282 0.03505535055350553
80 0.26925587467362927 0.3748487084870849 0.054386422976501266 0.04059040590405908
80 0.743864229765013 0.4112767527675277 0.059281984334203765 0.03844280442804422
96 0.32310704960835507 0.2266273062730627 0.05003916449086163 0.04182287822878226
71 0.6799347258485641 0.15236162361623615 0.04569190600522193 0.05873062730627305
185 0.23825065274151436 0.12177121771217712 0.14142297650130548 0.02952029520295203
185 0.7626240208877284 0.12484870848708486 0.15013054830287206 0.02828782287822877
146 0.2393342036553525 0.6285387453874538 0.14360313315926893 0.02214022140221402
146 0.76588772845953 0.6291512915129152 0.14360313315926893 0.020907749077490722
174 0.48599216710182763 0.21856088560885606 0.04932114882506524 0.043468634686346846
174 0.554177545691906 0.2177416974169742 0.04932114882506524 0.04018450184501848
39 0.3967754569190601 0.10702583025830259 0.050770234986945155 0.05166789667896678
158 0.2349869451697128 0.17588929889298893 0.06527415143603134 0.0418228782287823
158 0.7582637075718016 0.17773431734317346 0.07180156657963446 0.04059040590405906