144 0.239556135770235 0.6149963099630996 0.14490861618798956 0.09225092250922509
143 0.2304177545691906 0.34686346863468637 0.12140992167101827 0.07527675276752767
129 0.09530026109660575 0.9619261992619926 0.08093994778067885 0.05669372693726949
160 0.31462140992167104 0.8814169741697416 0.18798955613577023 0.14833948339483394
44 0.6181462140992167 0.976619926199262 0.7088772845953003 0.03911439114391144
2 0.4993472584856397 0.8847380073800738 0.1866840731070496 0.14907749077490776
15 0.6879895561357703 0.8828929889298892 0.1906005221932115 0.14833948339483394
150 0.8753263707571801 0.8825239852398523 0.1814621409921671 0.14612546125461254
144 0.7630548302872062 0.6105682656826569 0.14490861618798956 0.08634686346863468
146 0.762402088772846 0.6293874538745388 0.1462140992167102 0.023616236162361623
105 0.5026109660574413 0.12250922509225093 0.2010443864229765 0.12398523985239852
52 0.23302872062663185 0.2007380073800738 0.13968668407310705 0.09003690036900369
52 0.7558746736292428 0.2011070110701107 0.14360313315926893 0.08929889298892989
158 0.23172323759791122 0.17822878228782288 0.07180156657963446 0.03911439114391144
158 0.7552219321148825 0.17822878228782288 0.07441253263707572 0.037638376383763834
185 0.24151436031331594 0.14354243542435424 0.1462140992167102 0.024354243542435424
140 0.5065274151436031 0.6870848708487085 0.185378590078329 0.11365313653136531
139 0.5 0.759409594095941 0.206266318537859 0.03247232472324723
146 0.239556135770235 0.6280442804428045 0.1475195822454308 0.023616236162361623
135 0.7323759791122716 0.4265682656826568 0.0783289817232376 0.06789667896678966
185 0.7637075718015666 0.14391143911439114 0.1462140992167102 0.025092250922509225
142 0.2297650130548303 0.24833948339483394 0.06005221932114883 0.04797047970479705
142 0.30156657963446476 0.24501845018450186 0.057441253263707574 0.041328413284132844
147 0.7872062663185379 0.4143911439114391 0.08093994778067885 0.06568265682656826
86 0.3727154046997389 0.11845018450184502 0.12140992167101827 0.09372693726937269
165 0.456266318537859 0.042804428044280446 0.10835509138381201 0.07232472324723248