159 0.7147519582245431 0.4114391143911439 0.3276762402088773 0.14833948339483394
145 0.2402088772845953 0.6202952029520296 0.1514360313315927 0.07749077490774908
144 0.762402088772846 0.611439114391144 0.1514360313315927 0.08929889298892989
146 0.7630548302872062 0.6280442804428045 0.15013054830287206 0.023616236162361623
140 0.5078328981723238 0.6878228782287823 0.185378590078329 0.11365313653136531
44 0.6181462140992167 0.9767527675276753 0.7088772845953003 0.04206642066420664
170 0.09530026109660575 0.9619926199261992 0.0783289817232376 0.05977859778597786
8 0.30809399477806787 0.8822878228782288 0.185378590078329 0.14686346863468636
15 0.4993472584856397 0.8826568265682657 0.1866840731070496 0.14612546125461254
150 0.6879895561357703 0.8822878228782288 0.1906005221932115 0.14538745387453875
40 0.8772845953002611 0.8822878228782288 0.18798955613577023 0.14538745387453875
52 0.2402088772845953 0.20184501845018452 0.1227154046997389 0.08782287822878229
52 0.7637075718015666 0.2011070110701107 0.1227154046997389 0.08634686346863468
185 0.7617493472584856 0.14649446494464943 0.1475195822454308 0.025830258302583026
158 0.2310704960835509 0.1797047970479705 0.06527415143603134 0.043542435424354244
158 0.7526109660574413 0.18044280442804428 0.07180156657963446 0.045018450184501846
105 0.4980417754569191 0.12103321033210332 0.18929503916449086 0.12398523985239852
185 0.2402088772845953 0.14649446494464943 0.14882506527415143 0.02730627306273063
107 0.5 0.03394833948339483 0.206266318537859 0.028044280442804426
19 0.5234986945169713 0.25350553505535056 0.12532637075718014 0.1099630996309963
58 0.7140992167101827 0.285239852398524 0.10182767624020887 0.07011070110701106
87 0.3348563968668407 0.30553505535055353 0.13968668407310705 0.0988929889298893
139 0.4993472584856397 0.7590405904059041 0.21018276762402088 0.033210332103321034
142 0.16514360313315926 0.46900369003690034 0.05613577023498695 0.04206642066420664
142 0.2565274151436031 0.44981549815498156 0.06919060052219321 0.037638376383763834
147 0.75 0.36974169741697416 0.07441253263707572 0.06494464944649446
180 0.3342036553524804 0.33542435424354244 0.06266318537859007 0.04944649446494465
180 0.6703655352480418 0.1878228782287823 0.06135770234986945 0.05387453874538745
180 0.2845953002610966 0.33099630996309964 0.06266318537859007 0.055350553505535055
69 0.7023498694516971 0.3811808118081181 0.05483028720626632 0.03468634686346864
180 0.3394255874673629 0.36125461254612545 0.06266318537859007 0.055350553505535055