8 0.3114490861618799 0.8819188191881919 0.19022193211488256 0.14654612546125473
2 0.49887728459530023 0.8840295202952029 0.18090078328981715 0.14654612546125473
160 0.6881723237597911 0.8824428044280443 0.19022193211488256 0.14760147601476015
128 0.8737467362924282 0.8829741697416975 0.18836814621409917 0.15076752767527674
170 0.094177545691906 0.9620442804428044 0.0801958224543081 0.057985239852398646
44 0.6182375979112271 0.9762804428044279 0.7068276762402088 0.04216974169741688
140 0.5054046997389033 0.6900369003690037 0.19022193211488256 0.11281180811808128
144 0.2377806788511749 0.6136014760147601 0.15105744125326367 0.09067158671586709
144 0.7627806788511748 0.6125461254612546 0.14920365535248037 0.08645018450184509
52 0.24151436031331594 0.2024280442804428 0.12868146214099216 0.08856088560885608
52 0.7646344647519583 0.20084132841328411 0.12309399477806784 0.08961623616236165
185 0.23964751958224542 0.14180811808118082 0.14733681462140993 0.02635424354243541
185 0.7646344647519583 0.14233210332103322 0.1454699738903395 0.02530627306273064
30 0.23964751958224542 0.17396309963099632 0.06900783289817235 0.04428044280442806
30 0.7627676240208877 0.17343173431734318 0.07087467362924277 0.043225092250922525
105 0.5035509138381201 0.1201918819188192 0.1715665796344647 0.1307380073800738
31 0.2387206266318538 0.11650184501845019 0.14920365535248045 0.02635424354243541
31 0.7646344647519583 0.11491512915129153 0.14173629242819835 0.02530627306273064
146 0.2387206266318538 0.6283616236162362 0.14920365535248045 0.02108487084870844
146 0.7609138381201045 0.6283616236162362 0.14920365535248037 0.02108487084870844
193 0.31610966057441253 0.17606642066420664 0.0540992167101828 0.06535793357933582
6 0.8979895561357703 0.06957933579335794 0.1174934725848564 0.09277490774907747