3 0.09530026109660575 0.9614464944649447 0.08093994778067885 0.05869372693726952
15 0.3152741514360313 0.8808339483394834 0.17885117493472585 0.14169741697416974
128 0.4993472584856397 0.8830258302583026 0.18407310704960836 0.14686346863468636
8 0.6847258485639687 0.8826568265682657 0.19451697127937337 0.14612546125461254
40 0.8766318537859008 0.8822878228782288 0.18929503916449086 0.14538745387453875
140 0.5052219321148825 0.688929889298893 0.185378590078329 0.11143911439114391
144 0.24086161879895562 0.6140221402214022 0.1475195822454308 0.09151291512915129
144 0.762402088772846 0.6158671586715867 0.1462140992167102 0.08782287822878229
146 0.23890339425587467 0.6287822878228783 0.14882506527415143 0.025092250922509225
146 0.762402088772846 0.6287822878228783 0.14882506527415143 0.025092250922509225
52 0.2410835509138381 0.19791143911439116 0.16971279373368145 0.11734317343173432
52 0.762402088772846 0.1966789667896679 0.1671018276762402 0.11586715867158671
185 0.23825065274151436 0.11660516605166052 0.15013054830287206 0.026568265682656828
185 0.7617493472584856 0.11697416974169741 0.15013054830287206 0.028782287822878228
105 0.4993472584856397 0.11918819188191881 0.1919060052219321 0.12324723247232472
28 0.23890339425587467 0.17416974169741697 0.08877284595300261 0.05461254612546126
28 0.7637075718015666 0.17380073800738008 0.0835509138381201 0.05682656826568266
10 0.2565274151436031 0.5505535055350553 0.0926892950391645 0.05018450184501845
20 0.3028720626631854 0.2177121771217712 0.04960835509138381 0.06494464944649446
17 0.8283289817232375 0.2177121771217712 0.07702349869451697 0.06346863468634686
13 0.16579634464751958 0.17084870848708486 0.04960835509138381 0.03173431734317343
13 0.1566579634464752 0.2132841328413284 0.04960835509138381 0.03247232472324723
13 0.10900783289817233 0.1970479704797048 0.07702349869451697 0.028044280442804426
13 0.10900783289817233 0.17416974169741697 0.04046997389033943 0.026568265682656828
13 0.10966057441253264 0.15092250922509226 0.0391644908616188 0.028782287822878228
115 0.7604438642297651 0.4261992619926199 0.15796344647519583 0.033210332103321034
44 0.6168407310704961 0.9760147601476015 0.7049608355091384 0.03874538745387454