144 0.23964751958224542 0.6125461254612546 0.15105744125326367 0.08856088560885608
144 0.7637075718015666 0.6125461254612546 0.15105744125326376 0.09067158671586709
146 0.2387206266318538 0.6278302583025831 0.14920365535248045 0.028464944649446447
146 0.7618407310704961 0.6283616236162362 0.15479112271540463 0.02952029520295203
140 0.5054046997389033 0.6868708487084871 0.19022193211488256 0.10859040590405894
40 0.31424281984334207 0.8829741697416975 0.18090078328981724 0.14443542435424356
2 0.49981723237597914 0.8824501845018451 0.18650130548302873 0.14338745387453872
160 0.6881723237597911 0.8824501845018451 0.19022193211488256 0.14338745387453872
169 0.8746736292428199 0.8819261992619926 0.18276762402088773 0.14443542435424356
16 0.094177545691906 0.9604649446494465 0.0801958224543081 0.056929889298892894
44 0.6182375979112271 0.9752250922509226 0.7105613577023498 0.04006642066420662
27 0.21633159268929505 0.18766789667896677 0.10817232375979115 0.06325461254612545
27 0.7403916449086162 0.18713653136531364 0.11189295039164496 0.06220664206642066
52 0.2387206266318538 0.19557195571955718 0.17157963446475197 0.11491512915129154
185 0.2377806788511749 0.12493726937269373 0.15105744125326367 0.02635424354243541
185 0.7618407310704961 0.12598523985239854 0.15105744125326376 0.02846494464944649
52 0.7618407310704961 0.19504797047970482 0.17344647519582232 0.11808118081180811
105 0.5016840731070497 0.11913653136531366 0.19022193211488256 0.12440590405904059
174 0.7832114882506528 0.5311660516605167 0.04886422976501314 0.03301107011070112
174 0.7212010443864231 0.5534022140221402 0.05582245430809398 0.03783763837638375
174 0.8011488250652741 0.5549372693726937 0.05357702349869447 0.03650922509225094
174 0.742976501305483 0.5065092250922509 0.04651436031331607 0.027963099630996385
174 0.7353655352480417 0.5300442804428045 0.048368146214099156 0.031321033210332146
183 0.85322454308094 0.11650184501845019 0.10257180156657955 0.08329151291512916
174 0.782349869451697 0.36425830258302583 0.04663185378590082 0.030583025830258258
25 0.5240600522193212 0.2667380073800738 0.10817232375979115 0.08645018450184501
174 0.779556135770235 0.39430996309963096 0.05221932114882506 0.03794833948339484
174 0.818733681462141 0.24301845018450186 0.04476501305483024 0.03690036900369004
175 0.13614882506527415 0.1697490774907749 0.10815926892950391 0.11175645756457567
80 0.34409921671018273 0.13284132841328414 0.05408616187989553 0.04428044280442804
80 0.660195822454308 0.14549077490774906 0.05967362924281982 0.0421771217712177
180 0.6163707571801567 0.10174169741697418 0.057819843342036506 0.05166051660516605
174 0.8457702349869451 0.22245756457564575 0.04289817232375966 0.04006642066420662
80 0.6294255874673629 0.12282656826568267 0.050352480417754635 0.03690036900369004
180 0.4103002610966058 0.08539483394833948 0.04103133159268923 0.0463911439114391
180 0.5762793733681463 0.08961623616236163 0.04103133159268923 0.04216974169741696