151 0.094177545691906 0.9615202952029519 0.0801958224543081 0.05904059040590406
44 0.615443864229765 0.9768044280442804 0.7049608355091384 0.041114391143911466
128 0.3114490861618799 0.8819188191881919 0.19395561357702354 0.14654612546125473
2 0.49981723237597914 0.8834981549815499 0.18650130548302873 0.14549077490774898
160 0.6872454308093994 0.8819188191881919 0.1846344647519583 0.14654612546125473
51 0.8746736292428199 0.8819188191881919 0.18650130548302887 0.14865682656826557
140 0.5072715404699739 0.6889815498154982 0.18650130548302873 0.10859040590405912
144 0.24058746736292427 0.6125461254612546 0.14546997389033944 0.08645018450184509
144 0.7637075718015666 0.6130701107011071 0.13986945169712806 0.08539483394833951
146 0.23953002610966057 0.6283616236162362 0.15083550913838123 0.023195571955719606
146 0.7645300261096606 0.6277712177121771 0.14197127937336815 0.023062730627306273
137 0.2698433420365535 0.431210332103321 0.07016971279373369 0.09225092250922509
143 0.7568407310704961 0.35688560885608855 0.14197127937336815 0.071690036900369
166 0.20048302872062662 0.35945387453874533 0.07506527415143603 0.0857933579335793
166 0.2760182767624021 0.3594538745387454 0.07506527415143603 0.07208856088560882
166 0.28301566579634463 0.33751291512915127 0.07506527415143603 0.07933579335793357
166 0.7430809399477807 0.31372693726937273 0.08043080939947768 0.07524723247232475
166 0.7124151436031332 0.29177859778597787 0.08532637075718003 0.07459040590405899
166 0.7914490861618799 0.2956678966789668 0.0881201044386423 0.08210332103321033
52 0.24151436031331594 0.20018450184501846 0.1272845953002611 0.08856088560885608
52 0.7637075718015666 0.19972693726937268 0.12402088772845953 0.09132841328413284
52 0.23988250652741513 0.14391143911439114 0.14360313315926893 0.025830258302583026
52 0.7628981723237598 0.1434538745387454 0.1452349869451697 0.024907749077490774
121 0.33372062663185376 0.17408856088560884 0.10793733681462146 0.08592619926199264
158 0.23009138381201044 0.17574169741697418 0.07180156657963446 0.03782287822878229
158 0.7539164490861618 0.1752767527675277 0.07180156657963446 0.03874538745387454
135 0.5193994778067885 0.43067896678966794 0.03543080939947779 0.06430996309963107
131 0.5399086161879896 0.2177121771217712 0.1025718015665797 0.043225092250922546
105 0.5026109660574413 0.11966051660516604 0.192088772845953 0.12335055350553505