8 0.3125065274151436 0.8809963099630996 0.19092689295039164 0.14944649446494465
2 0.5009791122715405 0.8939114391143912 0.16971279373368145 0.12546125461254612
15 0.6894647519582245 0.8929889298892989 0.17787206266318537 0.12361623616236163
40 0.8738642297650131 0.8925313653136532 0.1746083550913838 0.12269372693726938
170 0.09383812010443864 0.9607970479704798 0.07996083550913838 0.061808118081180814
145 0.239556135770235 0.6254612546125461 0.16318537859007834 0.07453874538745388
145 0.7604438642297651 0.6269372693726937 0.15796344647519583 0.07306273062730627
139 0.49869451697127937 0.7597785977859779 0.21148825065274152 0.033210332103321034
140 0.4980417754569191 0.6896678966789668 0.20757180156657964 0.1099630996309963
80 0.4046997389033943 0.6350553505535055 0.057441253263707574 0.04206642066420664
80 0.19908616187989556 0.4483394833948339 0.05613577023498695 0.04059040590405904
80 0.24934725848563968 0.44649446494464945 0.057441253263707574 0.04428044280442804
80 0.2212793733681462 0.4195571955719557 0.05613577023498695 0.03468634686346864
80 0.21997389033942558 0.396309963099631 0.0587467362924282 0.03690036900369004
39 0.2774151436031332 0.2940959409594096 0.07963446475195822 0.04944649446494465
71 0.15339425587467362 0.19557195571955718 0.04308093994778068 0.047232472324723246
101 0.2885117493472585 0.1047970479704797 0.06005221932114883 0.045756457564575644
174 0.825065274151436 0.23210332103321032 0.04960835509138381 0.04059040590405904
174 0.8498694516971279 0.20405904059040592 0.04960835509138381 0.03911439114391144
174 0.6827676240208878 0.2 0.033942558746736295 0.03394833948339483
180 0.6762402088772846 0.5453874538745388 0.057441253263707574 0.05608856088560885
64 0.716710182767624 0.5586715867158671 0.031331592689295036 0.041328413284132844
64 0.7258485639686684 0.5287822878228783 0.0391644908616188 0.045018450184501846
64 0.7676240208877284 0.5416974169741697 0.044386422976501305 0.05166051660516605
180 0.31657963446475196 0.5479704797047971 0.05613577023498695 0.04944649446494465
180 0.35900783289817234 0.5350553505535055 0.06005221932114883 0.04870848708487085
180 0.3093994778067885 0.5143911439114391 0.044386422976501305 0.02952029520295203
180 0.7878590078328982 0.5892988929889299 0.06919060052219321 0.05682656826568266
52 0.24281984334203655 0.1970479704797048 0.1671018276762402 0.11808118081180811
52 0.762402088772846 0.196309963099631 0.1671018276762402 0.11808118081180811
105 0.5026109660574413 0.12066420664206642 0.18276762402088773 0.12177121771217712
185 0.24151436031331594 0.12546125461254612 0.14882506527415143 0.025092250922509225
185 0.7604438642297651 0.12472324723247233 0.15274151436031333 0.026568265682656828
158 0.2306396866840731 0.17712177121771217 0.07398172323759793 0.03690036900369004
158 0.7582637075718016 0.17773431734317346 0.06309399477806779 0.04059040590405906
44 0.6168407310704961 0.9760147601476015 0.7049608355091384 0.03874538745387454