145 0.2402088772845953 0.6247232472324723 0.1514360313315927 0.07749077490774908
144 0.762402088772846 0.611439114391144 0.1514360313315927 0.08929889298892989
146 0.7630548302872062 0.6280442804428045 0.15013054830287206 0.023616236162361623
140 0.5078328981723238 0.6878228782287823 0.185378590078329 0.11365313653136531
44 0.6181462140992167 0.9767527675276753 0.7088772845953003 0.04206642066420664
9 0.09530026109660575 0.9619926199261992 0.0783289817232376 0.05977859778597786
2 0.30809399477806787 0.8822878228782288 0.185378590078329 0.14686346863468636
15 0.4993472584856397 0.8826568265682657 0.1866840731070496 0.14612546125461254
128 0.6879895561357703 0.8822878228782288 0.1906005221932115 0.14538745387453875
160 0.8772845953002611 0.8822878228782288 0.18798955613577023 0.14538745387453875
52 0.2402088772845953 0.20184501845018452 0.1227154046997389 0.08782287822878229
52 0.7637075718015666 0.2011070110701107 0.1227154046997389 0.08634686346863468
185 0.7617493472584856 0.14649446494464943 0.1475195822454308 0.025830258302583026
158 0.2310704960835509 0.1797047970479705 0.06527415143603134 0.043542435424354244
158 0.7526109660574413 0.18044280442804428 0.07180156657963446 0.045018450184501846
105 0.4980417754569191 0.12103321033210332 0.18929503916449086 0.12398523985239852
185 0.2402088772845953 0.14649446494464943 0.14882506527415143 0.02730627306273063
107 0.5 0.03394833948339483 0.206266318537859 0.028044280442804426
87 0.3348563968668407 0.30553505535055353 0.13968668407310705 0.0988929889298893
139 0.4993472584856397 0.7590405904059041 0.21018276762402088 0.033210332103321034
147 0.7212793733681462 0.5177121771217712 0.0926892950391645 0.07011070110701106
180 0.25718015665796345 0.4232472324723247 0.07049608355091384 0.055350553505535055
186 0.7924281984334204 0.36420664206642067 0.06788511749347259 0.05682656826568266
87 0.6155352480417755 0.31402214022140224 0.12663185378590078 0.10405904059040591
176 0.8642297650130548 0.35571955719557197 0.1227154046997389 0.057564575645756455
176 0.7219321148825065 0.34797047970479705 0.09660574412532637 0.06420664206642067
143 0.2800261096605744 0.4981549815498155 0.14490861618798956 0.07380073800738007
19 0.141644908616188 0.25461254612546125 0.12402088772845953 0.11365313653136531
138 0.804177545691906 0.5678966789667896 0.08093994778067885 0.03025830258302583