141 0.497023498694517 0.6900369003690037 0.195822454308094 0.11281180811808128
66 0.40001305483028726 0.6541918819188192 0.09511749347258487 0.09171955719557194
0 0.3403655352480418 0.5550848708487085 0.057806788511749314 0.05588191881918821
52 0.24524804177545695 0.20136531365313654 0.16971279373368145 0.11597785977859777
185 0.7590469973890339 0.13178597785977858 0.14919060052219318 0.02952029520295203
185 0.2471148825065274 0.12967527675276752 0.15105744125326367 0.02740959409594095
31 0.24245430809399476 0.10437638376383765 0.14173629242819843 0.02740959409594095
31 0.7609138381201045 0.10437638376383765 0.1454699738903395 0.02529889298892988
105 0.5026109660574413 0.1281107011070111 0.1846344647519583 0.12546125461254615
145 0.24151436031331594 0.6257343173431734 0.1585248041775457 0.07485608856088566
145 0.7571801566579635 0.6220442804428045 0.14920365535248037 0.06958671586715864
0 0.3095691906005222 0.5698450184501845 0.05595300261096608 0.049549815498155056
108 0.3953655352480418 0.624140221402214 0.0932375979112271 0.0548191881918819
24 0.5725456919060052 0.6362656826568266 0.07460835509138378 0.05377121771217705
52 0.7599738903394255 0.20137269372693728 0.17344647519582232 0.11386715867158669
30 0.24804177545691905 0.17554243542435424 0.07087467362924285 0.05377121771217713
30 0.7581070496083552 0.17659778597785974 0.07272845953002616 0.05377121771217711
159 0.4345430809399478 0.624140221402214 0.2946605744125327 0.1412767527675277