9 0.09325065274151437 0.9620516605166051 0.0783289817232376 0.06221402214022154
15 0.3133159268929504 0.8814022140221401 0.19022193211488256 0.14760147601476015
128 0.49981723237597914 0.8829815498154981 0.19022193211488256 0.15076752767527674
51 0.6872454308093994 0.8814022140221401 0.1846344647519583 0.14549077490774898
169 0.8728067885117494 0.8814022140221401 0.19022193211488256 0.14549077490774898
44 0.6173107049608355 0.9747084870848709 0.7049608355091384 0.03690036900369004
140 0.5063446475195823 0.6905756457564576 0.18090078328981715 0.1117564575645757
144 0.24058746736292427 0.6146642066420664 0.14920365535248045 0.08434686346863465
144 0.7627806788511748 0.6141328413284133 0.14920365535248037 0.08539483394833951
146 0.24058746736292427 0.6278450184501845 0.14920365535248045 0.02635424354243545
146 0.7618407310704961 0.6288929889298893 0.15105744125326376 0.024250922509225017
174 0.783289817232376 0.37901845018450186 0.0484986945169714 0.032678966789667876
174 0.7842297650130549 0.40486346863468636 0.046618798955613626 0.03795571955719562
25 0.5240600522193212 0.26620664206642064 0.11189295039164496 0.08539483394833951
27 0.21819843342036552 0.19030258302583028 0.10443864229765012 0.06220664206642066
27 0.7394647519582245 0.18977121771217711 0.11003916449086157 0.06325461254612547
52 0.24244125326370758 0.19557195571955718 0.16784595300261096 0.11491512915129154
52 0.7637075718015666 0.19609594095940958 0.16971279373368145 0.11386715867158669
95 0.19489556135770233 0.477070110701107 0.06527415143603134 0.06009594095940964
95 0.22660574412532639 0.4628413284132841 0.061527415143603124 0.0738081180811808
185 0.24151436031331594 0.12598523985239854 0.14733681462140993 0.02635424354243541
185 0.7627806788511748 0.12598523985239854 0.1454699738903395 0.02635424354243541
183 0.8550913838120104 0.11702583025830257 0.10257180156657955 0.08223616236162362
105 0.5026109660574413 0.11913653136531366 0.1846344647519583 0.12440590405904059
95 0.21819843342036552 0.42857564575645757 0.05968668407310709 0.05166051660516605
80 0.720822454308094 0.28413284132841327 0.05407310704960845 0.03478966789667896
80 0.720822454308094 0.30996309963099633 0.05408616187989564 0.04216974169741696
174 0.18090078328981724 0.5751217712177121 0.037297650130548296 0.03690036900369004
174 0.17063968668407312 0.5977859778597786 0.03543080939947779 0.03795571955719562
174 0.22566579634464753 0.5624649446494465 0.037297650130548296 0.02214022140221402
174 0.31238903394255874 0.57670110701107 0.04289817232375981 0.04216974169741705
174 0.8345822454308094 0.23247232472324722 0.042885117493472465 0.03690036900369004
174 0.8131331592689295 0.2514538745387454 0.04476501305483024 0.03479704797047969
183 0.38138381201044386 0.26726199261992617 0.11003916449086161 0.08329151291512916
80 0.717088772845953 0.2598819188191882 0.05408616187989564 0.03268634686346861
174 0.28533942558746733 0.3626789667896679 0.048485639686684054 0.03795571955719553
174 0.2965274151436031 0.3400147601476015 0.041031331592689305 0.03690036900369004
122 0.5249869451697128 0.06325461254612545 0.09138381201044386 0.07380811808118083