145 0.239556135770235 0.6242214022140222 0.14490861618798956 0.07380073800738007
135 0.2650130548302872 0.6092250922509225 0.0783289817232376 0.04649446494464945
41 0.09530026109660575 0.9619261992619926 0.08093994778067885 0.05669372693726949
150 0.31462140992167104 0.8814169741697416 0.18798955613577023 0.14833948339483394
44 0.6181462140992167 0.976619926199262 0.7088772845953003 0.03911439114391144
2 0.4993472584856397 0.8847380073800738 0.1866840731070496 0.14907749077490776
160 0.6879895561357703 0.8828929889298892 0.1906005221932115 0.14833948339483394
128 0.8753263707571801 0.8825239852398523 0.1814621409921671 0.14612546125461254
144 0.7630548302872062 0.6105682656826569 0.14490861618798956 0.08634686346863468
146 0.762402088772846 0.6293874538745388 0.1462140992167102 0.023616236162361623
105 0.5026109660574413 0.11660516605166052 0.2010443864229765 0.13579335793357933
53 0.23825065274151436 0.21439114391143912 0.13968668407310705 0.06715867158671587
52 0.7637075718015666 0.2011070110701107 0.1279373368146214 0.08929889298892989
158 0.7552219321148825 0.17822878228782288 0.07441253263707572 0.037638376383763834
140 0.5065274151436031 0.6870848708487085 0.185378590078329 0.11365313653136531
139 0.5 0.759409594095941 0.206266318537859 0.03247232472324723
86 0.7950391644908616 0.36678966789667894 0.13577023498694518 0.0959409594095941
185 0.7637075718015666 0.14391143911439114 0.1462140992167102 0.025092250922509225
107 0.49869451697127937 0.032103321033210334 0.20365535248041775 0.03173431734317343
137 0.6671018276762402 0.6047970479704797 0.10182767624020887 0.0952029520295203
165 0.5489556135770235 0.030627306273062732 0.11096605744125326 0.061254612546125464