0 0.3506266318537859 0.5498081180811808 0.048485639686684054 0.05588191881918821
52 0.26110966057441254 0.22033948339483395 0.16411227154046998 0.10966051660516607
185 0.7459791122715405 0.15445756457564574 0.13800261096605748 0.02846494464944649
185 0.2601827676240209 0.15234686346863469 0.13986945169712792 0.02635424354243541
31 0.2592428198433421 0.12651660516605168 0.13800261096605743 0.02740959409594095
31 0.7431853785900783 0.1275719557195572 0.13986945169712806 0.02529889298892987
0 0.31983028720626633 0.5645682656826568 0.05408616187989553 0.049549815498155056
52 0.7413185378590078 0.2198228782287823 0.16225848563968664 0.1128118081180812
30 0.2573629242819843 0.19241328413284134 0.07087467362924285 0.05166051660516605
30 0.74411227154047 0.1971512915129151 0.06340731070496075 0.05060516605166049
105 0.49981723237597914 0.14867158671586714 0.18650130548302873 0.11597047970479704
116 0.5044778067885118 0.513970479704797 0.8560182767624022 0.4543985239852399