3 0.0926892950391645 0.9601476014760147 0.0783289817232376 0.06199261992619926
8 0.3133159268929504 0.881549815498155 0.18276762402088773 0.14833948339483394
128 0.4993472584856397 0.8819188191881919 0.18929503916449086 0.14760147601476015
15 0.6873368146214099 0.8819188191881919 0.1866840731070496 0.14760147601476015
160 0.8766318537859008 0.8819188191881919 0.18929503916449086 0.14760147601476015
44 0.6174934725848564 0.9752767527675277 0.7075718015665796 0.03911439114391144
144 0.239556135770235 0.6121771217712177 0.14490861618798956 0.08782287822878229
144 0.7630548302872062 0.6125461254612546 0.1475195822454308 0.08708487084870849
146 0.239556135770235 0.6284132841328414 0.1475195822454308 0.021402214022140223
146 0.762402088772846 0.6291512915129152 0.1462140992167102 0.021402214022140223
140 0.5045691906005222 0.6885608856088561 0.1919060052219321 0.1077490774907749
52 0.24086161879895562 0.1970479704797048 0.12663185378590078 0.0988929889298893
52 0.7630548302872062 0.196309963099631 0.12924281984334204 0.0988929889298893
28 0.23890339425587467 0.17306273062730626 0.08877284595300261 0.04797047970479705
28 0.762402088772846 0.17306273062730626 0.09138381201044386 0.05092250922509225
185 0.2402088772845953 0.13726937269372694 0.14882506527415143 0.025092250922509225
185 0.7637075718015666 0.13690036900369004 0.1462140992167102 0.024354243542435424
105 0.5019582245430809 0.12619926199261994 0.19712793733681463 0.11660516605166052
21 0.7513054830287206 0.3804428044280443 0.10574412532637076 0.07011070110701106
143 0.6945169712793734 0.5055350553505535 0.13577023498694518 0.07822878228782287
138 0.7140992167101827 0.5612546125461254 0.07049608355091384 0.03173431734317343
69 0.28263707571801566 0.584870848708487 0.2310704960835509 0.11734317343173432