159 0.43407310704960833 0.6029520295202953 0.2963446475195822 0.14169741697416974
141 0.4960835509138381 0.7007380073800737 0.18798955613577023 0.08929889298892989
122 0.4954308093994778 0.5686346863468634 0.09530026109660575 0.07158671586715867
25 0.47127937336814624 0.4619926199261993 0.10704960835509138 0.08265682656826569
52 0.23368146214099217 0.2 0.16971279373368145 0.11660516605166052
53 0.7539164490861618 0.2199261992619926 0.15274151436031333 0.06789667896678966
185 0.23694516971279372 0.12878228782287823 0.15013054830287206 0.02730627306273063
107 0.4941253263707572 0.034317343173431734 0.20757180156657964 0.03468634686346864
105 0.4941253263707572 0.11586715867158671 0.1866840731070496 0.13431734317343175
145 0.7539164490861618 0.6284132841328414 0.15535248041775457 0.07306273062730627
180 0.7539164490861618 0.6195571955719558 0.06657963446475196 0.055350553505535055
180 0.5913838120104439 0.5306273062730628 0.07049608355091384 0.05461254612546126
180 0.4197127937336815 0.5066420664206642 0.06919060052219321 0.05387453874538745
135 0.32049608355091386 0.566420664206642 0.08746736292428199 0.05239852398523985
135 0.389686684073107 0.5749077490774908 0.08224543080939947 0.047232472324723246
145 0.2362924281984334 0.6280442804428045 0.15926892950391644 0.07380073800738007
27 0.2154046997389034 0.18929889298892988 0.10704960835509138 0.061254612546125464