141 0.49673629242819844 0.6881918819188192 0.1866840731070496 0.08929889298892989
145 0.25326370757180156 0.6188191881918819 0.14882506527415143 0.07011070110701106
145 0.7447780678851175 0.6195571955719558 0.15013054830287206 0.07306273062730627
52 0.2565274151436031 0.22361623616236162 0.12402088772845953 0.08708487084870849
52 0.7526109660574413 0.2118081180811808 0.12663185378590078 0.08708487084870849
158 0.24869451697127937 0.2 0.07180156657963446 0.04428044280442804
158 0.7408616187989556 0.2007380073800738 0.07180156657963446 0.045756457564575644
105 0.5019582245430809 0.14797047970479704 0.1866840731070496 0.12619926199261994
185 0.7467362924281984 0.16863468634686346 0.14882506527415143 0.02730627306273063
185 0.2558746736292428 0.16863468634686346 0.1462140992167102 0.02730627306273063
48 0.5998694516971279 0.6583025830258302 0.05352480417754569 0.035424354243542434
134 0.28133159268929503 0.5512915129151291 0.07441253263707572 0.06937269372693727
112 0.33093994778067887 0.5431734317343173 0.07963446475195822 0.05461254612546126
114 0.39556135770234985 0.6136531365313653 0.09921671018276762 0.07749077490774908
48 0.5443864229765013 0.6346863468634686 0.04699738903394256 0.03099630996309963
48 0.5385117493472585 0.6531365313653137 0.048302872062663184 0.035424354243542434
120 0.5 0.34095940959409593 0.7284595300261096 0.05904059040590406