44 0.6176631853785901 0.9760147601476015 0.7065926892950392 0.04059040590405904
2 0.3113577023498694 0.8822140221402215 0.1866840731070496 0.14819926199261987
160 0.5 0.8821476014760147 0.18798955613577023 0.14833948339483394
150 0.6879895561357703 0.8814095940959409 0.185378590078329 0.14833948339483394
169 0.8746736292428199 0.8817785977859778 0.18798955613577023 0.14907749077490776
144 0.23890339425587467 0.6101918819188191 0.14882506527415143 0.08708487084870849
146 0.23825065274151436 0.6242140221402214 0.1475195822454308 0.023616236162361623
105 0.5019582245430809 0.11918819188191881 0.15274151436031333 0.12029520295202951
53 0.23563968668407312 0.222140221402214 0.14490861618798956 0.07232472324723248
53 0.7597911227154047 0.21660516605166052 0.1279373368146214 0.06420664206642067
16 0.09399477806788512 0.9618081180811808 0.08093994778067885 0.05830258302583026
146 0.7617493472584856 0.6250922509225092 0.1475195822454308 0.02214022140221402
140 0.5 0.6856088560885609 0.14882506527415143 0.1047970479704797
144 0.762402088772846 0.6109298892988929 0.1462140992167102 0.08560885608856089
142 0.6860313315926893 0.23542435424354244 0.08224543080939947 0.045756457564575644
80 0.7467362924281984 0.44944649446494467 0.06266318537859007 0.041328413284132844
80 0.7748041775456919 0.42583025830258303 0.06135770234986945 0.041328413284132844
180 0.7813315926892951 0.22177121771217712 0.06919060052219321 0.05239852398523985
107 0.4993472584856397 0.03136531365313653 0.20496083550913838 0.033210332103321034