66 0.40001305483028726 0.6257269372693727 0.09511749347258487 0.04322509225092246
0 0.34409921671018273 0.5529741697416974 0.057806788511749314 0.05588191881918821
52 0.25737597911227156 0.21717343173431733 0.16411227154046995 0.10966051660516607
185 0.7497127937336814 0.14865682656826568 0.14545691906005231 0.02952029520295203
185 0.2564490861618799 0.14760147601476015 0.14360313315926893 0.02740959409594095
31 0.2536422976501305 0.12335055350553505 0.14173629242819843 0.02740959409594095
31 0.7469190600522193 0.12230258302583026 0.13986945169712806 0.02529889298892991
145 0.25362924281984334 0.6188782287822878 0.14174934725848562 0.07169003690036908
145 0.7422584856396868 0.6204649446494465 0.1380156657963447 0.06642066420664207
0 0.3133028720626632 0.5666789667896679 0.05595300261096608 0.049549815498155056
108 0.39723237597911226 0.6199261992619927 0.0932375979112271 0.0548191881918819
24 0.5725456919060052 0.6230922509225092 0.07087467362924277 0.04006642066420662
52 0.7450522193211488 0.21665682656826568 0.16225848563968664 0.1128118081180812
30 0.2573629242819843 0.19241328413284134 0.07087467362924285 0.05166051660516605
30 0.7497127937336814 0.19293726937269373 0.06340731070496075 0.05060516605166053
24 0.5175326370757181 0.6230848708487084 0.0391644908616188 0.04428044280442804
66 0.4746344647519582 0.6109667896678966 0.08019582245430804 0.07274538745387449
105 0.5026109660574413 0.1365461254612546 0.1846344647519583 0.1254612546125461