44 0.6168407310704961 0.9763837638376384 0.706266318537859 0.041328413284132844
129 0.09530026109660575 0.9616236162361623 0.08093994778067885 0.057564575645756455
15 0.31266318537859006 0.8819188191881919 0.18929503916449086 0.14760147601476015
2 0.5 0.8830258302583026 0.18798955613577023 0.14833948339483394
160 0.6873368146214099 0.8837638376383764 0.1866840731070496 0.14981549815498155
8 0.8753263707571801 0.8819188191881919 0.18929503916449086 0.14907749077490776
140 0.5058746736292428 0.688929889298893 0.1866840731070496 0.11143911439114391
144 0.2402088772845953 0.6118081180811809 0.14882506527415143 0.08708487084870849
144 0.7630548302872062 0.6125461254612546 0.15013054830287206 0.08856088560885608
146 0.239556135770235 0.6287822878228783 0.1475195822454308 0.025092250922509225
146 0.7610966057441253 0.6284132841328414 0.14882506527415143 0.024354243542435424
52 0.239556135770235 0.2022140221402214 0.12402088772845953 0.08708487084870849
52 0.7630548302872062 0.2022140221402214 0.12663185378590078 0.08708487084870849
158 0.23302872062663185 0.18081180811808117 0.07180156657963446 0.04428044280442804
158 0.7539164490861618 0.18081180811808117 0.07180156657963446 0.045756457564575644
105 0.4980417754569191 0.11992619926199262 0.1866840731070496 0.12619926199261994
46 0.7473890339425587 0.4929889298892989 0.16057441253263707 0.08856088560885608
72 0.26174934725848564 0.5701107011070111 0.13185378590078328 0.061254612546125464
112 0.7839425587467362 0.46273062730627307 0.06919060052219321 0.042804428044280446
47 0.72911227154047 0.43763837638376385 0.15796344647519583 0.08265682656826569
166 0.28067885117493474 0.34723247232472326 0.08877284595300261 0.08782287822878229
114 0.7604438642297651 0.5265682656826568 0.12924281984334204 0.0981549815498155
143 0.6090078328981723 0.4922509225092251 0.11618798955613577 0.08413284132841328
147 0.17297650130548303 0.4841328413284133 0.11357702349869452 0.05166051660516605
138 0.6207571801566579 0.5808118081180812 0.0639686684073107 0.03394833948339483
185 0.762402088772846 0.14649446494464943 0.14882506527415143 0.02730627306273063
185 0.23890339425587467 0.14797047970479704 0.14882506527415143 0.02730627306273063