52 0.7604438642297651 0.19864944649446495 0.1762402088772846 0.1168487084870849
52 0.23390339425587467 0.20049446494464945 0.15447780678851172 0.11070110701107011
180 0.21648825065274152 0.4364944649446495 0.05439947780678853 0.03966789667896679
180 0.18711488250652744 0.46202952029520294 0.0478720626631854 0.05996309963099631
180 0.24640992167101827 0.4558671586715867 0.0576631853785901 0.052583025830258305
180 0.7452088772845954 0.45940959409594095 0.06309399477806779 0.055350553505535055
180 0.8023368146214099 0.454959409594096 0.0587467362924282 0.0519704797047971
39 0.7574412532637076 0.5227527675276753 0.06908616187989565 0.05411808118081175
144 0.23607049608355093 0.6143911439114391 0.15447780678851172 0.0873284132841328
144 0.7647911227154047 0.6100885608856088 0.14578328981723246 0.08856088560885608
140 0.5069582245430809 0.6900369003690037 0.19147519582245426 0.11070110701107011
105 0.4982637075718016 0.12177121771217712 0.17842036553524798 0.13529889298892991
8 0.30973890339425586 0.8799852398523986 0.1936422976501306 0.1440885608856087
2 0.5004308093994778 0.8825313653136531 0.1927154046997389 0.14391143911439114
15 0.6866318537859009 0.8837638376383764 0.19022193211488256 0.14636900369003686
40 0.8754569190600523 0.8825313653136531 0.19550913838120104 0.14391143911439114
170 0.09464751958224543 0.959409594095941 0.08050913838120105 0.06396309963099636
44 0.29699738903394257 0.9643321033210333 0.06309399477806786 0.03197785977859773
180 0.7604438642297651 0.43112177121771217 0.05439947780678861 0.04551291512915134
80 0.2904699738903394 0.31642066420664205 0.0587467362924282 0.04366789667896676
80 0.7212793733681462 0.33379335793357934 0.0587467362924282 0.038435424354243575
80 0.3035248041775457 0.27152767527675276 0.054386422976501266 0.042435424354243544
80 0.7212793733681462 0.3047306273062731 0.05438642297650141 0.03752029520295205
96 0.35900783289817234 0.13653136531365315 0.05656657963446477 0.0418228782287823
146 0.24070496083550913 0.6286937269372693 0.14849869451697129 0.024907749077490774
146 0.7628981723237598 0.6273062730627307 0.1452349869451697 0.02952029520295203
185 0.23907310704960835 0.12500369003690037 0.1452349869451697 0.02859778597785978
185 0.7628981723237598 0.12408118081180812 0.14849869451697129 0.02859778597785978
158 0.23390339425587467 0.17712177121771217 0.0674543080939948 0.04182287822878228
158 0.7571801566579635 0.17588929889298893 0.06962140992167093 0.03935793357933578