44 0.6176631853785901 0.9760147601476015 0.7065926892950392 0.04059040590405904
2 0.3113577023498694 0.8822140221402215 0.1866840731070496 0.14819926199261987
160 0.5 0.8821476014760147 0.18798955613577023 0.14833948339483394
169 0.8746736292428199 0.8817785977859778 0.18798955613577023 0.14907749077490776
144 0.23890339425587467 0.6101918819188191 0.14882506527415143 0.08708487084870849
146 0.23825065274151436 0.6242140221402214 0.1475195822454308 0.023616236162361623
105 0.5019582245430809 0.11918819188191881 0.15274151436031333 0.12029520295202951
53 0.23563968668407312 0.222140221402214 0.14490861618798956 0.07232472324723248
53 0.7597911227154047 0.2011070110701107 0.1279373368146214 0.08634686346863468
54 0.7571801566579635 0.13062730627306274 0.11488250652741515 0.06937269372693727
16 0.09399477806788512 0.9618081180811808 0.08093994778067885 0.05830258302583026
146 0.7617493472584856 0.6250922509225092 0.1475195822454308 0.02214022140221402
140 0.5 0.6856088560885609 0.14882506527415143 0.1047970479704797
136 0.6919060052219321 0.22952029520295203 0.0783289817232376 0.03985239852398524
142 0.48759791122715407 0.24095940959409595 0.06135770234986945 0.043542435424354244
144 0.762402088772846 0.6109298892988929 0.1462140992167102 0.08560885608856089
142 0.5306788511749347 0.22915129151291513 0.06135770234986945 0.043542435424354244
142 0.5476501305483029 0.2564575645756458 0.0587467362924282 0.04059040590405904
80 0.6618798955613577 0.25461254612546125 0.06788511749347259 0.04428044280442804
80 0.762402088772846 0.24797047970479705 0.05483028720626632 0.04870848708487085
180 0.6390339425587467 0.21918819188191882 0.0639686684073107 0.047232472324723246
180 0.6925587467362925 0.1977859778597786 0.06919060052219321 0.041328413284132844
180 0.7950391644908616 0.22066420664206643 0.09138381201044386 0.05166051660516605
107 0.4993472584856397 0.03136531365313653 0.20496083550913838 0.033210332103321034
150 0.6879895561357703 0.8814095940959409 0.185378590078329 0.14833948339483394