16 0.09464751958224543 0.9621771217712177 0.08485639686684072 0.05904059040590406
44 0.6176631853785901 0.9760147601476015 0.7065926892950392 0.04059040590405904
169 0.3113577023498694 0.8822140221402215 0.1866840731070496 0.14819926199261987
8 0.5 0.8821476014760147 0.18798955613577023 0.14833948339483394
2 0.6879895561357703 0.8814095940959409 0.185378590078329 0.14833948339483394
160 0.8766318537859008 0.8817785977859778 0.18929503916449086 0.14907749077490776
144 0.23694516971279372 0.6109298892988929 0.1475195822454308 0.08708487084870849
144 0.7591383812010444 0.6116678966789667 0.15013054830287206 0.08560885608856089
146 0.23694516971279372 0.6286420664206641 0.1475195822454308 0.023616236162361623
146 0.758485639686684 0.6279040590405903 0.1462140992167102 0.023616236162361623
105 0.49869451697127937 0.12177121771217712 0.19321148825065274 0.12250922509225093
52 0.2362924281984334 0.2011070110701107 0.12532637075718014 0.09225092250922509
52 0.7597911227154047 0.1988929889298893 0.1279373368146214 0.0907749077490775
158 0.75 0.17601476014760148 0.07441253263707572 0.037638376383763834
158 0.2245430809399478 0.17638376383763837 0.0731070496083551 0.03690036900369004
185 0.23825065274151436 0.14428044280442803 0.1475195822454308 0.025830258302583026
185 0.7604438642297651 0.14391143911439114 0.1475195822454308 0.025092250922509225
143 0.7617493472584856 0.4088560885608856 0.15013054830287206 0.07380073800738007
140 0.5071801566579635 0.6881918819188192 0.1814621409921671 0.11291512915129151
45 0.1429503916449086 0.12140221402214021 0.12140992167101827 0.08339483394833948
45 0.5234986945169713 0.207380073800738 0.12010443864229765 0.08265682656826569
179 0.5959530026109661 0.3121771217712177 0.12924281984334204 0.1003690036900369
142 0.737597911227154 0.36051660516605166 0.06527415143603134 0.04206642066420664
142 0.7774151436031331 0.381549815498155 0.05613577023498695 0.03837638376383764
142 0.8263707571801566 0.3767527675276753 0.06527415143603134 0.04206642066420664
149 0.8191906005221932 0.36236162361623614 0.11096605744125326 0.07675276752767528