8 0.3114490861618799 0.8819188191881919 0.19022193211488256 0.14654612546125473
40 0.49887728459530023 0.8840295202952029 0.18090078328981715 0.14654612546125473
2 0.6881723237597911 0.8824428044280443 0.19022193211488256 0.14760147601476015
169 0.8737467362924282 0.8829741697416975 0.18836814621409917 0.15076752767527674
151 0.094177545691906 0.9620442804428044 0.0801958224543081 0.057985239852398646
44 0.6182375979112271 0.9762804428044279 0.7068276762402088 0.04216974169741688
140 0.5054046997389033 0.6900369003690037 0.19022193211488256 0.11281180811808128
145 0.2377806788511749 0.6230922509225092 0.15105744125326367 0.07169741697416981
145 0.7627806788511748 0.6220369003690037 0.14920365535248037 0.07169003690036908
52 0.24151436031331594 0.2024280442804428 0.12868146214099216 0.08856088560885608
52 0.7646344647519583 0.20084132841328411 0.12309399477806784 0.08961623616236165
185 0.23964751958224542 0.14180811808118082 0.14733681462140993 0.02635424354243541
185 0.7646344647519583 0.14233210332103322 0.1454699738903395 0.02530627306273064
30 0.23964751958224542 0.17396309963099632 0.06900783289817235 0.04428044280442806
30 0.7627676240208877 0.17343173431734318 0.07087467362924277 0.043225092250922525
105 0.5035509138381201 0.1201918819188192 0.1715665796344647 0.1307380073800738
31 0.2387206266318538 0.11650184501845019 0.14920365535248045 0.02635424354243541
31 0.7646344647519583 0.11491512915129153 0.14173629242819835 0.02530627306273064
67 0.24802872062663187 0.3473948339483395 0.08578328981723235 0.07273800738007376
142 0.7450522193211488 0.48602214022140217 0.07272845953002616 0.04005904059040588
142 0.719882506527415 0.4612546125461255 0.07087467362924277 0.03690036900369004
142 0.6881984334203655 0.4470258302583026 0.07086161879895558 0.04006642066420662
139 0.49981723237597914 0.7596236162361624 0.20514360313315924 0.030575645756457527
127 0.3002610966057441 0.4691512915129152 0.06340731070496082 0.05692988929889306
137 0.7515926892950392 0.3162952029520295 0.08577023498694523 0.10542435424354245
103 0.4774412532637076 0.25197785977859777 0.12682767624020885 0.12440590405904063
91 0.16318537859007834 0.2772841328413284 0.1249608355091384 0.09488560885608852
55 0.8308485639686684 0.2899335793357934 0.07646214099216701 0.0632546125461255
55 0.6956396866840732 0.2899335793357934 0.07087467362924277 0.06115129151291514
55 0.719882506527415 0.2424870848708487 0.07087467362924277 0.05482656826568263
55 0.7935509138381202 0.24090774907749077 0.0690078328981722 0.05377121771217713