104 0.7030026109660574 0.44649446494464945 0.1475195822454308 0.07822878228782287
52 0.24151436031331594 0.2014760147601476 0.1227154046997389 0.08560885608856089
52 0.7643603133159269 0.2014760147601476 0.12140992167101827 0.08560885608856089
185 0.239556135770235 0.14723247232472325 0.1475195822454308 0.025830258302583026
185 0.7630548302872062 0.14686346863468636 0.1475195822454308 0.025092250922509225
105 0.49673629242819844 0.12066420664206642 0.18407310704960836 0.12472324723247233
129 0.09464751958224543 0.9616236162361623 0.08224543080939947 0.057564575645756455
44 0.6168407310704961 0.9760147601476015 0.706266318537859 0.04206642066420664
2 0.31201044386422977 0.8819188191881919 0.1906005221932115 0.14612546125461254
150 0.4993472584856397 0.8833948339483395 0.18407310704960836 0.14907749077490776
8 0.6866840731070496 0.8830258302583026 0.18798955613577023 0.14686346863468636
40 0.8753263707571801 0.8822878228782288 0.18929503916449086 0.14833948339483394
144 0.239556135770235 0.6125461254612546 0.15274151436031333 0.08708487084870849
144 0.7630548302872062 0.6121771217712177 0.1475195822454308 0.08782287822878229
146 0.23890339425587467 0.6284132841328414 0.1514360313315927 0.024354243542435424
146 0.762402088772846 0.6284132841328414 0.14882506527415143 0.024354243542435424
140 0.5058746736292428 0.6881918819188192 0.1866840731070496 0.11291512915129151
158 0.2297650130548303 0.181549815498155 0.07049608355091384 0.045756457564575644
158 0.7526109660574413 0.18081180811808117 0.06919060052219321 0.042804428044280446
35 0.7486945169712794 0.44723247232472324 0.08224543080939947 0.08265682656826569
125 0.32571801566579633 0.4885608856088561 0.08224543080939947 0.06051660516605166
75 0.5215404699738904 0.26383763837638374 0.12663185378590078 0.1011070110701107
147 0.7343342036553525 0.4885608856088561 0.097911227154047 0.0929889298892989
42 0.8224543080939948 0.3059040590405904 0.0731070496083551 0.05682656826568266
71 0.5698433420365535 0.3129151291512915 0.04569190600522193 0.053136531365313655