100 0.7498694516971279 0.5018450184501845 0.11593994778067877 0.0667749077490775
100 0.2565665796344648 0.3362361623616236 0.11904699738903395 0.06589667896678963
52 0.23964751958224542 0.19662730627306274 0.16971279373368145 0.11491512915129154
13 0.1910052219321149 0.5199557195571956 0.07054830287206267 0.033726937269372724
13 0.23342036553524806 0.5186273062730627 0.04476501305483031 0.02828782287822873
2 0.3133159268929504 0.8808634686346863 0.19022193211488256 0.1423321033210333
51 0.49981723237597914 0.8840295202952029 0.19022193211488256 0.14443542435424356
160 0.6863054830287206 0.8856088560885609 0.19022193211488256 0.14760147601476015
150 0.8765404699738902 0.8845535055350553 0.19022193211488256 0.14549077490774898
144 0.23964751958224542 0.6136014760147601 0.14733681462140993 0.08434686346863465
144 0.7637075718015666 0.6141254612546125 0.1473368146214098 0.08539483394833951
146 0.23964751958224542 0.6278302583025831 0.15105744125326367 0.02635424354243545
146 0.7637075718015666 0.6273062730627307 0.1473368146214098 0.0253062730627306
139 0.49887728459530023 0.7590922509225092 0.21074412532637085 0.03584501845018454
140 0.5044778067885117 0.6868708487084871 0.195822454308094 0.11491512915129154
52 0.7627806788511748 0.19609594095940958 0.16784595300261088 0.11386715867158669
20 0.7748955613577024 0.4512250922509225 0.05035248041775449 0.0632546125461255
28 0.23964751958224542 0.17290774907749076 0.09511749347258487 0.05271586715867159
28 0.7534464751958224 0.1744870848708487 0.0969843342036553 0.047446494464944644
185 0.24151436031331594 0.11650184501845019 0.14733681462140993 0.0242509225092251
185 0.7637075718015666 0.11755719557195571 0.1473368146214098 0.02635424354243541
105 0.5026109660574413 0.12124723247232472 0.1846344647519583 0.11808118081180811
137 0.2760182767624021 0.4749667896678967 0.0783289817232376 0.10226568265682652
56 0.6937859007832899 0.2029520295202952 0.05223237597911226 0.079070110701107
142 0.6769712793733681 0.5239778597785978 0.05221932114882506 0.03374169741697419
16 0.09511749347258486 0.960988929889299 0.08206266318537858 0.06008856088560891
142 0.6974934725848564 0.5461254612546126 0.055953002610965925 0.04006642066420662
142 0.7487989556135771 0.5440073800738008 0.06527415143603134 0.04006642066420662
135 0.38605744125326374 0.6858154981549816 0.07459530026109659 0.05166051660516605
138 0.5772062663185379 0.736959409594096 0.07272845953002616 0.03584501845018445
44 0.6168407310704961 0.9760147601476015 0.7049608355091384 0.03874538745387454