169 0.3114490861618799 0.8803394833948339 0.19022193211488256 0.14760147601476015
15 0.5016840731070497 0.8808634686346863 0.18650130548302873 0.14654612546125473
2 0.6872454308093994 0.8819188191881919 0.18836814621409917 0.14865682656826557
8 0.8737467362924282 0.8819188191881919 0.18836814621409917 0.14865682656826557
129 0.094177545691906 0.960988929889299 0.08392950391644907 0.057985239852398646
44 0.6191775456919061 0.9768044280442804 0.7124281984334204 0.041114391143911466
140 0.5054046997389033 0.6889815498154982 0.19022193211488256 0.10859040590405912
139 0.5007441253263708 0.7596236162361624 0.20327676240208883 0.030575645756457527
145 0.24430809399477804 0.6262509225092251 0.14546997389033944 0.07169003690036908
145 0.7618407310704961 0.6246715867158671 0.14360313315926893 0.06642066420664207
52 0.24058746736292427 0.1992619926199262 0.12681462140992164 0.09067158671586717
30 0.24151436031331594 0.1744870848708487 0.06527415143603134 0.043225092250922525
30 0.7637075718015666 0.17343173431734318 0.07646214099216701 0.045335793357933564
52 0.7627806788511748 0.20137269372693728 0.13054830287206268 0.0927749077490775
185 0.23964751958224542 0.14338745387453875 0.14733681462140993 0.02530627306273064
185 0.7637075718015666 0.1428560885608856 0.14360313315926893 0.02635424354243541
31 0.7646344647519583 0.11439114391143912 0.1454699738903395 0.0242509225092251
31 0.23964751958224542 0.11755719557195571 0.14360313315926893 0.02846494464944649
105 0.49981723237597914 0.12335055350553505 0.20142297650130545 0.1286273062730627
6 0.5259268929503916 0.3299852398523985 0.12681462140992164 0.09699630996309967
143 0.32823759791122714 0.525040590405904 0.14173629242819846 0.07379335793357934
193 0.7879634464751959 0.31892250922509224 0.06154046997389047 0.06853136531365314
172 0.2377806788511749 0.26990405904059045 0.04661879895561355 0.07380073800738007
172 0.29 0.24143173431734316 0.0801958224543081 0.06748339483394838
172 0.2881462140992167 0.2783321033210332 0.054086161879895574 0.07380073800738007
172 0.19302872062663187 0.24934317343173432 0.05780678851174933 0.06853136531365314
91 0.54177545691906 0.1855571955719557 0.10257180156657955 0.08856088560885608