3 0.09325065274151437 0.9620516605166051 0.0783289817232376 0.06221402214022154
169 0.3133159268929504 0.8814022140221401 0.19022193211488256 0.14760147601476015
15 0.49981723237597914 0.8829815498154981 0.19022193211488256 0.15076752767527674
40 0.6872454308093994 0.8814022140221401 0.1846344647519583 0.14549077490774898
150 0.8728067885117494 0.8814022140221401 0.19022193211488256 0.14549077490774898
44 0.6173107049608355 0.9747084870848709 0.7049608355091384 0.03690036900369004
140 0.5063446475195823 0.6905756457564576 0.18090078328981715 0.1117564575645757
144 0.24058746736292427 0.6146642066420664 0.14920365535248045 0.08434686346863465
144 0.7627806788511748 0.6141328413284133 0.14920365535248037 0.08539483394833951
146 0.24058746736292427 0.6278450184501845 0.14920365535248045 0.02635424354243545
146 0.7618407310704961 0.6288929889298893 0.15105744125326376 0.024250922509225017
27 0.21819843342036552 0.19030258302583028 0.10443864229765012 0.06220664206642066
27 0.7394647519582245 0.18977121771217711 0.11003916449086157 0.06325461254612547
52 0.24244125326370758 0.19557195571955718 0.16784595300261096 0.11491512915129154
52 0.7637075718015666 0.19609594095940958 0.16971279373368145 0.11386715867158669
185 0.24151436031331594 0.12598523985239854 0.14733681462140993 0.02635424354243541
185 0.7627806788511748 0.12598523985239854 0.1454699738903395 0.02635424354243541
105 0.5026109660574413 0.11913653136531366 0.1846344647519583 0.12440590405904059
143 0.7730548302872062 0.3110258302583026 0.12496083550913842 0.07802214022140223
142 0.21821148825065276 0.3015276752767528 0.06340731070496082 0.04428044280442804
142 0.16131853785900782 0.3015276752767528 0.06527415143603134 0.03795571955719553
135 0.8028720626631853 0.2503985239852399 0.08019582245430817 0.04533579335793354
81 0.44013054830287207 0.10437638376383765 0.12309399477806784 0.07801476014760146
174 0.30212793733681464 0.3104870848708487 0.041031331592689305 0.03901107011070112
174 0.33010443864229766 0.2820221402214022 0.03356396866840732 0.03268634686346861
174 0.2778851174934726 0.28676752767527675 0.037297650130548296 0.03163099630996311
174 0.192088772845953 0.2746420664206642 0.02610966057441253 0.02214022140221402
174 0.1687859007832898 0.23827306273062732 0.03171018276762403 0.04006642066420662
174 0.2191383812010444 0.23827306273062732 0.05035248041775456 0.03163099630996311
174 0.20701044386422976 0.2551365313653136 0.03356396866840729 0.02952029520295203
174 0.3011879895561358 0.25830258302583026 0.0391644908616188 0.03584501845018454
174 0.2983942558746736 0.2314169741697417 0.037297650130548296 0.0242509225092251
174 0.23964751958224542 0.2720073800738007 0.05035248041775456 0.03373431734317346