52 0.7620757180156658 0.19695940959409594 0.17297650130548303 0.11715867158671586
52 0.23826370757180154 0.19695940959409594 0.17297650130548303 0.11900369003690037
144 0.7661618798955614 0.6139335793357934 0.14197127937336815 0.08948339483394833
144 0.2423368146214099 0.6102435424354243 0.14197127937336815 0.09686346863468635
180 0.259046997389034 0.43218450184501844 0.057219321148825046 0.04794833948339485
105 0.5009791122715405 0.12039114391143911 0.195822454308094 0.12453874538745388
140 0.5042428198433421 0.690959409594096 0.19908616187989556 0.11992619926199262
39 0.7482114882506528 0.470479704797048 0.06690600522193212 0.04981549815498155
44 0.2986292428198433 0.966789667896679 0.06527415143603134 0.02952029520295203
170 0.09383812010443864 0.9589520295202952 0.07996083550913838 0.06365313653136531
8 0.31075718015665793 0.8821180811808118 0.19022193211488247 0.14535793357933582
2 0.4986422976501305 0.8821845018450184 0.19302872062663187 0.14338745387453872
15 0.6862010443864229 0.8834391143911439 0.18906005221932107 0.14641328413284124
40 0.8771279373368146 0.8844944649446495 0.1960574412532638 0.14615498154981546
180 0.20715404699738904 0.40024354243542437 0.05591383812010442 0.04971217712177119
80 0.3622715404699739 0.27721771217712177 0.05548302872062663 0.043357933579335796
80 0.6943603133159268 0.28136531365313655 0.057114882506527416 0.042435424354243544
101 0.24314621409921672 0.5470479704797048 0.08159268929503917 0.04059040590405904
80 0.3769582245430809 0.23616236162361623 0.0587467362924282 0.04428044280442804
180 0.7343342036553525 0.38468634686346864 0.0685378590078329 0.04797047970479705
180 0.2633420365535248 0.3983468634686347 0.05315926892950388 0.04660516605166054
180 0.741083550913838 0.43803690036900367 0.06338120104438637 0.05515867158671588
180 0.746266318537859 0.41086346863468637 0.0491775456919061 0.04348339483394839
146 0.23907310704960835 0.6282287822878229 0.14849869451697129 0.023985239852398525
146 0.7604438642297651 0.6268487084870848 0.1468668407310705 0.026752767527675275
185 0.23580939947780677 0.12453874538745388 0.15502610966057442 0.02952029520295203
185 0.7628981723237598 0.12408118081180812 0.14849869451697129 0.03044280442804428
80 0.70822454308094 0.257380073800738 0.06527415143603134 0.03690036900369004
158 0.23280678851174935 0.17712177121771217 0.06527415143603134 0.04182287822878228
158 0.7560966057441253 0.1752767527675277 0.06745430809399487 0.04059040590405904