8 0.3125065274151436 0.8823837638376385 0.19419060052219322 0.14852398523985239
52 0.7620757180156658 0.19649446494464945 0.1762402088772846 0.11808118081180811
15 0.4993603133159269 0.8833062730627307 0.18929503916449086 0.1503690036900369
51 0.6878328981723237 0.8833062730627307 0.20071801566579633 0.14852398523985239
150 0.8763054830287206 0.8833062730627307 0.18929503916449086 0.1466789667896679
44 0.6201044386422977 0.9755571955719557 0.7114882506527415 0.043357933579335796
41 0.09301566579634465 0.9598745387453875 0.0881201044386423 0.05996309963099631
144 0.23744125326370757 0.6116236162361623 0.1452349869451697 0.09225092250922509
144 0.7677937336814621 0.6125461254612546 0.12891644908616187 0.08671586715867159
146 0.24070496083550913 0.6282287822878229 0.15176240208877284 0.023985239852398525
146 0.7620757180156658 0.6282287822878229 0.15339425587467362 0.027675276752767528
140 0.5058746736292428 0.6877343173431735 0.18929503916449086 0.11162361623616236
139 0.4985378590078329 0.7596900369003691 0.21050913838120106 0.03413284132841329
53 0.24151436031331594 0.21678966789667897 0.15013054830287206 0.07380073800738007
185 0.7628981723237598 0.11624354243542434 0.14849869451697129 0.02952029520295203
28 0.7637075718015666 0.17389667896678968 0.08485639686684072 0.0544280442804428
107 0.4993472584856397 0.02445018450184502 0.20887728459530025 0.03413284132841329
105 0.5001697127937337 0.12039114391143911 0.19092689295039164 0.11531365313653137
100 0.2519582245430809 0.3808118081180812 0.12010443864229765 0.07380073800738007
17 0.2891644908616188 0.2726937269372694 0.0926892950391645 0.07306273062730627
10 0.7526109660574413 0.5040590405904058 0.08485639686684072 0.05166051660516605
115 0.4751958224543081 0.5686346863468634 0.1566579634464752 0.037638376383763834
4 0.20300261096605743 0.4959409594095941 0.31462140992167104 0.14760147601476015