53 0.24673629242819844 0.22546125461254612 0.1514360313315927 0.07011070110701106
144 0.24608355091383813 0.6095940959409594 0.13185378590078328 0.08413284132841328
144 0.7532637075718016 0.6107011070110702 0.1514360313315927 0.08634686346863468
140 0.5032637075718016 0.6811808118081181 0.1919060052219321 0.11512915129151291
146 0.24738903394255873 0.6250922509225092 0.1475195822454308 0.023616236162361623
146 0.7558746736292428 0.6247232472324723 0.1514360313315927 0.025830258302583026
53 0.7486945169712794 0.22472324723247233 0.15013054830287206 0.07011070110701106
106 0.4980417754569191 0.14907749077490776 0.18407310704960836 0.0929889298892989
135 0.5842036553524804 0.16937269372693728 0.08224543080939947 0.06420664206642067
143 0.3048302872062663 0.5553505535055351 0.11879895561357702 0.07011070110701106
139 0.5032637075718016 0.752029520295203 0.21018276762402088 0.03247232472324723