144 0.2423368146214099 0.6134686346863468 0.14849869451697129 0.08856088560885608
145 0.7645300261096606 0.6228265682656826 0.14849869451697129 0.07169003690036908
52 0.7620757180156658 0.19557195571955718 0.17297650130548303 0.11623616236162361
52 0.24151436031331594 0.19557195571955718 0.1664490861618799 0.11439114391143912
80 0.6095039164490862 0.6715867158671587 0.057114882506527416 0.046125461254612546
180 0.6755874673629243 0.5438228782287823 0.06201044386422976 0.0544280442804428
180 0.7718668407310705 0.5802583025830258 0.06201044386422976 0.055350553505535055
180 0.7098563968668408 0.5802583025830258 0.06201044386422976 0.055350553505535055
174 0.6609138381201044 0.6134686346863468 0.0489556135770235 0.03874538745387454
80 0.25539164490861616 0.5175276752767528 0.057114882506527416 0.042435424354243544
80 0.20969973890339424 0.5285977859778598 0.057114882506527416 0.04059040590405904
80 0.2243864229765013 0.49169741697416974 0.060378590078328985 0.02952029520295203
80 0.22357702349869452 0.46955719557195574 0.0587467362924282 0.03690036900369004
39 0.2521279373368146 0.4238966789667897 0.07343342036553525 0.0544280442804428
64 0.7734986945169713 0.2947453874538745 0.04569190600522193 0.052583025830258305
140 0.505065274151436 0.689579335793358 0.19092689295039164 0.10977859778597786
8 0.3125065274151436 0.8823837638376385 0.19326370757180153 0.1466789667896679
2 0.49924281984334207 0.8820516605166052 0.1951174934725849 0.14364575645756447
15 0.6872454308093994 0.8819852398523985 0.19116187989556144 0.14377859778597799
40 0.8766579634464752 0.8820516605166052 0.19185378590078334 0.14364575645756447
170 0.09383812010443864 0.9589520295202952 0.07996083550913838 0.06549815498154982
44 0.2986292428198433 0.9677121771217713 0.0587467362924282 0.027675276752767528
146 0.23988250652741513 0.6282287822878229 0.1468668407310705 0.02029520295202952
185 0.24070496083550913 0.12453874538745388 0.15176240208877284 0.025830258302583026
105 0.4993472584856397 0.11900369003690037 0.19255874673629242 0.12361623616236163
180 0.309242819843342 0.23062730627306274 0.05385117493472585 0.04981549815498155
101 0.7229242819843342 0.3025830258302583 0.06201044386422976 0.05166051660516605
64 0.716396866840731 0.25692250922509224 0.0489556135770235 0.052583025830258305
64 0.8020626631853786 0.26383763837638374 0.04406005221932115 0.04797047970479705
180 0.3304569190600522 0.18127675276752767 0.060378590078328985 0.04151291512915129
180 0.33535248041775456 0.20987453874538745 0.057114882506527416 0.0544280442804428
174 0.6494778067885117 0.6605166051660517 0.0391644908616188 0.04428044280442804
80 0.10362924281984334 0.11393357933579336 0.050587467362924285 0.048892988929889296
80 0.10933420365535249 0.08072324723247232 0.05548302872062663 0.03782287822878229
80 0.1843994778067885 0.08164575645756457 0.06201044386422976 0.04151291512915129
80 0.18113577023498695 0.10793357933579335 0.0489556135770235 0.04059040590405904
174 0.7408616187989556 0.5631955719557196 0.0293733681462141 0.03044280442804428
185 0.7628981723237598 0.12453874538745388 0.1452349869451697 0.025830258302583026
139 0.4977154046997389 0.7596900369003691 0.2056135770234987 0.03413284132841329
158 0.2349869451697128 0.17712177121771217 0.05967362924281982 0.04006642066420664
158 0.7562532637075717 0.17817712177121772 0.0690078328981722 0.04006642066420664