2 0.3125065274151436 0.8814612546125462 0.18766318537859009 0.14852398523985239
150 0.5001697127937337 0.8814612546125462 0.19092689295039164 0.14852398523985239
169 0.6899477806788512 0.8819188191881919 0.18929503916449086 0.14760147601476015
137 0.8746736292428199 0.8819188191881919 0.18276762402088773 0.14760147601476015
129 0.09464751958224543 0.9612546125461254 0.08485639686684072 0.05719557195571956
44 0.6168407310704961 0.976479704797048 0.7114882506527415 0.03966789667896679
144 0.2410313315926893 0.6130996309963099 0.14849869451697129 0.08487084870848709
144 0.7622454308093994 0.6112546125461255 0.1491514360313316 0.08597785977859779
140 0.505065274151436 0.6872693726937269 0.19092689295039164 0.11254612546125461
52 0.2327023498694517 0.1992619926199262 0.13838120104438642 0.09225092250922509
52 0.755065274151436 0.19972693726937268 0.14131853785900783 0.09132841328413284
185 0.23988250652741513 0.14428044280442803 0.1468668407310705 0.025092250922509225
185 0.7637075718015666 0.14391143911439114 0.1468668407310705 0.023985239852398525
27 0.21638381201044388 0.18874538745387454 0.1077023498694517 0.06088560885608856
27 0.7390731070496084 0.1881918819188192 0.1054177545691906 0.06420664206642067
105 0.5034334203655353 0.12177121771217712 0.19745430809399478 0.12361623616236163
146 0.239556135770235 0.6284132841328414 0.1475195822454308 0.022878228782287822
146 0.7617493472584856 0.6284132841328414 0.1475195822454308 0.021402214022140223
26 0.7343342036553525 0.3881918819188192 0.11096605744125326 0.07380073800738007
22 0.2010443864229765 0.33542435424354244 0.10443864229765012 0.07601476014760147
123 0.25718015665796345 0.3683985239852398 0.10443864229765012 0.0789594095940959
143 0.7199738903394256 0.44981549815498156 0.13446475195822455 0.08044280442804429
147 0.283289817232376 0.422140221402214 0.0835509138381201 0.07822878228782287
135 0.40013054830287204 0.588929889298893 0.07702349869451697 0.04428044280442804
142 0.27676240208877284 0.41217712177121774 0.06005221932114883 0.04649446494464945
94 0.5215404699738904 0.5191881918819188 0.38511749347258484 0.17638376383763837
174 0.5691906005221932 0.43653136531365316 0.04699738903394256 0.037638376383763834
174 0.6703655352480418 0.533210332103321 0.048302872062663184 0.03911439114391144
142 0.22258485639686684 0.42029520295202955 0.050913838120104436 0.04059040590405904
138 0.195822454308094 0.67380073800738 0.07049608355091384 0.026568265682656828
159 0.24086161879895562 0.45387453874538747 0.2989556135770235 0.13874538745387455