161 0.094177545691906 0.9615202952029519 0.0801958224543081 0.05904059040590406
44 0.615443864229765 0.9768044280442804 0.7049608355091384 0.041114391143911466
128 0.3114490861618799 0.8819188191881919 0.19395561357702354 0.14654612546125473
2 0.49981723237597914 0.8834981549815499 0.18650130548302873 0.14549077490774898
40 0.6872454308093994 0.8819188191881919 0.1846344647519583 0.14654612546125473
15 0.8746736292428199 0.8819188191881919 0.18650130548302887 0.14865682656826557
140 0.5072715404699739 0.6889815498154982 0.18650130548302873 0.10859040590405912
144 0.24058746736292427 0.6125461254612546 0.14546997389033944 0.08645018450184509
144 0.7637075718015666 0.6130701107011071 0.13986945169712806 0.08539483394833951
146 0.23953002610966057 0.6283616236162362 0.15083550913838123 0.023195571955719606
146 0.7645300261096606 0.6277712177121771 0.14197127937336815 0.023062730627306273
62 0.15943864229765012 0.17757933579335794 0.05640992167101827 0.09107011070110699
143 0.29279373368146216 0.4493874538745387 0.12634464751958227 0.07564575645756458
52 0.24151436031331594 0.20018450184501846 0.1272845953002611 0.08856088560885608
52 0.7637075718015666 0.19972693726937268 0.12402088772845953 0.09132841328413284
52 0.23988250652741513 0.14391143911439114 0.14360313315926893 0.025830258302583026
52 0.7628981723237598 0.1434538745387454 0.1452349869451697 0.024907749077490774
158 0.23009138381201044 0.17574169741697418 0.07180156657963446 0.03782287822878229
158 0.7539164490861618 0.1752767527675277 0.07180156657963446 0.03874538745387454
142 0.6760574412532637 0.44754243542435423 0.057806788511749314 0.0411217712177122
142 0.719882506527415 0.44122509225092255 0.07460835509138393 0.041107011070110736
142 0.8000783289817233 0.44437638376383765 0.06342036553524795 0.039011070110701034
194 0.5296475195822454 0.26251660516605163 0.13428198433420369 0.0780147601476015
105 0.5026109660574413 0.11966051660516604 0.192088772845953 0.12335055350553505
62 0.33379895561357703 0.18655350553505534 0.0769321148825065 0.08578597785977858
62 0.31610966057441253 0.15492250922509224 0.0601436031331593 0.06470110701107012
62 0.683485639686684 0.14542435424354244 0.06387728459530027 0.06049446494464947
62 0.6778981723237598 0.18126937269372695 0.06015665796344646 0.08368265682656825
62 0.8392167101827677 0.1701918819188192 0.06946475195822459 0.08473800738007377
147 0.717088772845953 0.5303099630996311 0.09885117493472588 0.08645756457564582
143 0.455065274151436 0.7169225092250923 0.12681462140992164 0.07380073800738007