144 0.2423368146214099 0.6134686346863468 0.14849869451697129 0.08856088560885608
145 0.7645300261096606 0.6228265682656826 0.14849869451697129 0.07169003690036908
52 0.7620757180156658 0.19557195571955718 0.17297650130548303 0.11623616236162361
52 0.24151436031331594 0.19557195571955718 0.1664490861618799 0.11439114391143912
180 0.6755874673629243 0.5438228782287823 0.06201044386422976 0.0544280442804428
180 0.7881853785900783 0.5867158671586716 0.0685378590078329 0.055350553505535055
180 0.6976240208877285 0.5830258302583026 0.05385117493472585 0.04981549815498155
80 0.31903394255874673 0.6019335793357934 0.057114882506527416 0.043357933579335796
80 0.2619190600522193 0.5650332103321033 0.057114882506527416 0.03228782287822878
64 0.7490208877284595 0.3703911439114391 0.04569190600522193 0.052583025830258305
140 0.505065274151436 0.689579335793358 0.19092689295039164 0.10977859778597786
8 0.3125065274151436 0.8818597785977861 0.19326370757180153 0.1477343173431733
2 0.5001697127937337 0.881520295202952 0.19326370757180153 0.14470110701107022
15 0.6872454308093994 0.8814612546125462 0.19116187989556144 0.1448339483394834
40 0.8785248041775457 0.8820516605166052 0.19932114882506535 0.14364575645756447
170 0.09383812010443864 0.9589520295202952 0.07996083550913838 0.06549815498154982
44 0.2986292428198433 0.9677121771217713 0.0587467362924282 0.027675276752767528
146 0.23988250652741513 0.6282287822878229 0.1468668407310705 0.02029520295202952
185 0.24070496083550913 0.12453874538745388 0.15176240208877284 0.025830258302583026
105 0.4993472584856397 0.11900369003690037 0.19255874673629242 0.12361623616236163
185 0.7628981723237598 0.12453874538745388 0.1452349869451697 0.025830258302583026
180 0.2815013054830287 0.3339483394833948 0.05385117493472585 0.04981549815498155
101 0.7457702349869452 0.40682656826568264 0.06201044386422976 0.05166051660516605
64 0.7212924281984334 0.3371808118081181 0.0489556135770235 0.052583025830258305
64 0.7873759791122715 0.3413284132841328 0.04406005221932115 0.04797047970479705
180 0.27986945169712796 0.279520295202952 0.06690600522193212 0.03690036900369004
180 0.27823759791122715 0.3048929889298893 0.057114882506527416 0.035977859778597784
80 0.12973890339425587 0.1918819188191882 0.050587467362924285 0.042435424354243544
174 0.6984334203655352 0.6420664206642066 0.0391644908616188 0.04059040590405904
174 0.5899216710182767 0.6554464944649446 0.040796344647519585 0.03413284132841329
96 0.27823759791122715 0.2606051660516605 0.05385117493472585 0.03228782287822878
139 0.4993472584856397 0.7587675276752769 0.20887728459530025 0.03413284132841329
158 0.23312010443864228 0.17554243542435424 0.06340731070496082 0.03901107011070112
158 0.7571801566579635 0.17712177121771217 0.06714099216710191 0.03795571955719556