145 0.2402088772845953 0.6247232472324723 0.1514360313315927 0.07749077490774908
144 0.762402088772846 0.611439114391144 0.1514360313315927 0.08929889298892989
146 0.7630548302872062 0.6280442804428045 0.15013054830287206 0.023616236162361623
140 0.5078328981723238 0.6878228782287823 0.185378590078329 0.11365313653136531
44 0.6181462140992167 0.9767527675276753 0.7088772845953003 0.04206642066420664
16 0.0926892950391645 0.9619926199261992 0.0783289817232376 0.05977859778597786
2 0.30809399477806787 0.8822878228782288 0.185378590078329 0.14686346863468636
40 0.4993472584856397 0.8826568265682657 0.1866840731070496 0.14612546125461254
150 0.6879895561357703 0.8822878228782288 0.1906005221932115 0.14538745387453875
160 0.8772845953002611 0.8822878228782288 0.18798955613577023 0.14538745387453875
52 0.2402088772845953 0.20184501845018452 0.1227154046997389 0.08782287822878229
52 0.7637075718015666 0.2011070110701107 0.1227154046997389 0.08634686346863468
185 0.7617493472584856 0.14649446494464943 0.1475195822454308 0.025830258302583026
158 0.2310704960835509 0.1797047970479705 0.06527415143603134 0.043542435424354244
158 0.7526109660574413 0.18044280442804428 0.07180156657963446 0.045018450184501846
105 0.4980417754569191 0.12103321033210332 0.18929503916449086 0.12398523985239852
185 0.2402088772845953 0.14649446494464943 0.14882506527415143 0.02730627306273063
107 0.5 0.03394833948339483 0.206266318537859 0.028044280442804426
139 0.4993472584856397 0.7590405904059041 0.21018276762402088 0.033210332103321034
87 0.6155352480417755 0.34981549815498153 0.1370757180156658 0.1033210332103321
19 0.141644908616188 0.25461254612546125 0.12402088772845953 0.11365313653136531
82 0.5248041775456919 0.2649446494464945 0.12010443864229765 0.08413284132841328
180 0.6168407310704961 0.3885608856088561 0.07180156657963446 0.05830258302583026
180 0.33550913838120106 0.3040590405904059 0.07049608355091384 0.05461254612546126
180 0.6409921671018277 0.37306273062730627 0.057441253263707574 0.05239852398523985
65 0.7761096605744126 0.3767527675276753 0.07963446475195822 0.07601476014760147
142 0.7604438642297651 0.46346863468634686 0.05352480417754569 0.03837638376383764
142 0.8022193211488251 0.44797047970479703 0.0639686684073107 0.035424354243542434
142 0.8472584856396866 0.45977859778597785 0.057441253263707574 0.041328413284132844
135 0.7643603133159269 0.4841328413284133 0.0639686684073107 0.03247232472324723
136 0.7447780678851175 0.422140221402214 0.07963446475195822 0.03690036900369004
180 0.683420365535248 0.36974169741697416 0.048302872062663184 0.057564575645756455
147 0.6977806788511749 0.4350553505535055 0.06919060052219321 0.05092250922509225