52 0.7647911227154047 0.19864944649446495 0.16753263707571792 0.1168487084870849
52 0.23390339425587467 0.20049446494464945 0.15447780678851172 0.11070110701107011
180 0.74411227154047 0.45879704797047965 0.06092689295039174 0.05903321033210333
144 0.23607049608355093 0.6143911439114391 0.15447780678851172 0.0873284132841328
144 0.7647911227154047 0.6100885608856088 0.14578328981723246 0.08856088560885608
140 0.5069582245430809 0.6900369003690037 0.19147519582245426 0.11070110701107011
105 0.4982637075718016 0.12177121771217712 0.17842036553524798 0.13529889298892991
8 0.3116057441253264 0.881040590405904 0.18618798955613577 0.14197785977859786
2 0.5004308093994778 0.8820073800738006 0.1927154046997389 0.14496678966789656
15 0.6856919060052219 0.8837638376383764 0.1846344647519583 0.14636900369003686
40 0.8754569190600523 0.8825313653136531 0.19177545691906017 0.14391143911439114
170 0.09464751958224543 0.959409594095941 0.08050913838120105 0.06396309963099636
44 0.29699738903394257 0.9643321033210333 0.06309399477806786 0.03197785977859773
185 0.7626240208877284 0.12484870848708486 0.15013054830287206 0.02828782287822877
146 0.2393342036553525 0.6285387453874538 0.14360313315926893 0.02214022140221402
146 0.76588772845953 0.6291512915129152 0.14360313315926893 0.020907749077490722
174 0.8050522193211488 0.3222656826568266 0.05220626631853787 0.03444280442804425
180 0.19798955613577024 0.45818450184501847 0.05656657963446473 0.057808118081180755
180 0.7234595300261096 0.29766789667896676 0.0587467362924282 0.05904059040590406
71 0.22519582245430808 0.42988929889298894 0.04569190600522193 0.04550553505535061
80 0.77677545691906 0.42805166051660515 0.06527415143603134 0.03690036900369004
80 0.7767624020887729 0.4022140221402214 0.06092689295039174 0.03197785977859773
39 0.2001697127937337 0.3474760147601476 0.0783289817232376 0.055350553505535055
180 0.720195822454308 0.2675350553505535 0.06092689295039174 0.04059040590405904
80 0.7909138381201045 0.38253136531365317 0.05439947780678861 0.034442804428044295
80 0.7996083550913838 0.35855350553505533 0.05439947780678861 0.03566789667896682
101 0.7952480417754568 0.2958228782287823 0.05439947780678861 0.050428044280442834
96 0.1555744125326371 0.20725461254612546 0.058746736292428214 0.04304797047970481
180 0.7180156657963447 0.242929889298893 0.05656657963446466 0.04059040590405904
174 0.8093994778067886 0.261380073800738 0.04787206266318547 0.033210332103321034
174 0.8115796344647519 0.23616236162361623 0.05221932114882506 0.03935793357933582
80 0.10988250652741514 0.07933579335793357 0.04569190600522193 0.05289298892988931
96 0.29699738903394257 0.23370479704797048 0.05439947780678853 0.04428044280442804
185 0.23988250652741513 0.12315867158671587 0.14468668407310703 0.026752767527675275
158 0.23390339425587467 0.17588929889298893 0.0674543080939948 0.03935793357933578
158 0.755 0.17466420664206642 0.06962140992167093 0.0418228782287823